"Year","substitution","carbonintensity","embodied","landfill","pcenergy","total","path"
0,0,0,0,0,0,0,"biofuel"
1,1.15832215922289,-0.359397546193644,0,0,0,0.798924613029247,"biofuel"
2,1.15832215922289,-0.359397546193644,0,0,0,0.798924613029247,"biofuel"
3,1.15832215922289,-0.359397546193644,0,0,0,0.798924613029247,"biofuel"
4,1.15832215922289,-0.359397546193644,0,0,0,0.798924613029247,"biofuel"
5,1.15832215922289,-0.359397546193644,0,0,0,0.798924613029247,"biofuel"
6,1.15832215922289,-0.359397546193644,0,0,0,0.798924613029247,"biofuel"
7,1.15832215922289,-0.359397546193644,0,0,0,0.798924613029247,"biofuel"
8,1.15832215922289,-0.359397546193644,0,0,0,0.798924613029247,"biofuel"
9,1.15832215922289,-0.359397546193644,0,0,0,0.798924613029247,"biofuel"
10,1.15832215922289,-0.359397546193644,0,0,0,0.798924613029247,"biofuel"
11,1.15832215922289,-0.359397546193644,0,0,0,0.798924613029247,"biofuel"
12,1.15832215922289,-0.359397546193644,0,0,0,0.798924613029247,"biofuel"
13,1.15832215922289,-0.359397546193644,0,0,0,0.798924613029247,"biofuel"
14,1.15832215922289,-0.359397546193644,0,0,0,0.798924613029247,"biofuel"
15,1.15832215922289,-0.359397546193644,0,0,0,0.798924613029247,"biofuel"
16,1.15832215922289,-0.359397546193644,0,0,0,0.798924613029247,"biofuel"
17,1.15832215922289,-0.359397546193644,0,0,0,0.798924613029247,"biofuel"
18,1.15832215922289,-0.359397546193644,0,0,0,0.798924613029247,"biofuel"
19,1.15832215922289,-0.359397546193644,0,0,0,0.798924613029247,"biofuel"
20,1.15832215922289,-0.359397546193644,0,0,0,0.798924613029247,"biofuel"
21,1.15832215922289,-0.359397546193644,0,0,0,0.798924613029247,"biofuel"
22,1.15832215922289,-0.359397546193644,0,0,0,0.798924613029247,"biofuel"
23,1.15832215922289,-0.359397546193644,0,0,0,0.798924613029247,"biofuel"
24,1.15832215922289,-0.359397546193644,0,0,0,0.798924613029247,"biofuel"
25,1.15832215922289,-0.359397546193644,0,0,0,0.798924613029247,"biofuel"
26,1.15832215922289,-0.359397546193644,0,0,0,0.798924613029247,"biofuel"
27,1.15832215922289,-0.359397546193644,0,0,0,0.798924613029247,"biofuel"
28,1.15832215922289,-0.359397546193644,0,0,0,0.798924613029247,"biofuel"
29,1.15832215922289,-0.359397546193644,0,0,0,0.798924613029247,"biofuel"
30,1.15832215922289,-0.359397546193644,0,0,0,0.798924613029247,"biofuel"
31,1.15832215922289,-0.359397546193644,0,0,0,0.798924613029247,"biofuel"
32,1.15832215922289,-0.359397546193644,0,0,0,0.798924613029247,"biofuel"
33,1.15832215922289,-0.359397546193644,0,0,0,0.798924613029247,"biofuel"
34,1.15832215922289,-0.359397546193644,0,0,0,0.798924613029247,"biofuel"
35,1.15832215922289,-0.359397546193644,0,0,0,0.798924613029247,"biofuel"
36,1.15832215922289,-0.359397546193644,0,0,0,0.798924613029247,"biofuel"
37,1.15832215922289,-0.359397546193644,0,0,0,0.798924613029247,"biofuel"
38,1.15832215922289,-0.359397546193644,0,0,0,0.798924613029247,"biofuel"
39,1.15832215922289,-0.359397546193644,0,0,0,0.798924613029247,"biofuel"
40,1.15832215922289,-0.359397546193644,0,0,0,0.798924613029247,"biofuel"
41,1.15832215922289,-0.359397546193644,0,0,0,0.798924613029247,"biofuel"
42,1.15832215922289,-0.359397546193644,0,0,0,0.798924613029247,"biofuel"
43,1.15832215922289,-0.359397546193644,0,0,0,0.798924613029247,"biofuel"
44,1.15832215922289,-0.359397546193644,0,0,0,0.798924613029247,"biofuel"
45,1.15832215922289,-0.359397546193644,0,0,0,0.798924613029247,"biofuel"
46,1.15832215922289,-0.359397546193644,0,0,0,0.798924613029247,"biofuel"
47,1.15832215922289,-0.359397546193644,0,0,0,0.798924613029247,"biofuel"
48,1.15832215922289,-0.359397546193644,0,0,0,0.798924613029247,"biofuel"
49,1.15832215922289,-0.359397546193644,0,0,0,0.798924613029247,"biofuel"
50,1.15832215922289,-0.359397546193644,0,0,0,0.798924613029247,"biofuel"
51,1.15832215922289,-0.359397546193644,0,0,0,0.798924613029247,"biofuel"
52,1.15832215922289,-0.359397546193644,0,0,0,0.798924613029247,"biofuel"
53,1.15832215922289,-0.359397546193644,0,0,0,0.798924613029247,"biofuel"
54,1.15832215922289,-0.359397546193644,0,0,0,0.798924613029247,"biofuel"
55,1.15832215922289,-0.359397546193644,0,0,0,0.798924613029247,"biofuel"
56,1.15832215922289,-0.359397546193644,0,0,0,0.798924613029247,"biofuel"
57,1.15832215922289,-0.359397546193644,0,0,0,0.798924613029247,"biofuel"
58,1.15832215922289,-0.359397546193644,0,0,0,0.798924613029247,"biofuel"
59,1.15832215922289,-0.359397546193644,0,0,0,0.798924613029247,"biofuel"
60,1.15832215922289,-0.359397546193644,0,0,0,0.798924613029247,"biofuel"
61,1.15832215922289,-0.359397546193644,0,0,0,0.798924613029247,"biofuel"
62,1.15832215922289,-0.359397546193644,0,0,0,0.798924613029247,"biofuel"
63,1.15832215922289,-0.359397546193644,0,0,0,0.798924613029247,"biofuel"
64,1.15832215922289,-0.359397546193644,0,0,0,0.798924613029247,"biofuel"
65,1.15832215922289,-0.359397546193644,0,0,0,0.798924613029247,"biofuel"
66,1.15832215922289,-0.359397546193644,0,0,0,0.798924613029247,"biofuel"
67,1.15832215922289,-0.359397546193644,0,0,0,0.798924613029247,"biofuel"
68,1.15832215922289,-0.359397546193644,0,0,0,0.798924613029247,"biofuel"
69,1.15832215922289,-0.359397546193644,0,0,0,0.798924613029247,"biofuel"
70,1.15832215922289,-0.359397546193644,0,0,0,0.798924613029247,"biofuel"
71,1.15832215922289,-0.359397546193644,0,0,0,0.798924613029247,"biofuel"
72,1.15832215922289,-0.359397546193644,0,0,0,0.798924613029247,"biofuel"
73,1.15832215922289,-0.359397546193644,0,0,0,0.798924613029247,"biofuel"
74,1.15832215922289,-0.359397546193644,0,0,0,0.798924613029247,"biofuel"
75,1.15832215922289,-0.359397546193644,0,0,0,0.798924613029247,"biofuel"
76,1.15832215922289,-0.359397546193644,0,0,0,0.798924613029247,"biofuel"
77,1.15832215922289,-0.359397546193644,0,0,0,0.798924613029247,"biofuel"
78,1.15832215922289,-0.359397546193644,0,0,0,0.798924613029247,"biofuel"
79,1.15832215922289,-0.359397546193644,0,0,0,0.798924613029247,"biofuel"
80,1.15832215922289,-0.359397546193644,0,0,0,0.798924613029247,"biofuel"
81,1.15832215922289,-0.359397546193644,0,0,0,0.798924613029247,"biofuel"
82,1.15832215922289,-0.359397546193644,0,0,0,0.798924613029247,"biofuel"
83,1.15832215922289,-0.359397546193644,0,0,0,0.798924613029247,"biofuel"
84,1.15832215922289,-0.359397546193644,0,0,0,0.798924613029247,"biofuel"
85,1.15832215922289,-0.359397546193644,0,0,0,0.798924613029247,"biofuel"
86,1.15832215922289,-0.359397546193644,0,0,0,0.798924613029247,"biofuel"
87,1.15832215922289,-0.359397546193644,0,0,0,0.798924613029247,"biofuel"
88,1.15832215922289,-0.359397546193644,0,0,0,0.798924613029247,"biofuel"
89,1.15832215922289,-0.359397546193644,0,0,0,0.798924613029247,"biofuel"
90,1.15832215922289,-0.359397546193644,0,0,0,0.798924613029247,"biofuel"
91,1.15832215922289,-0.359397546193644,0,0,0,0.798924613029247,"biofuel"
92,1.15832215922289,-0.359397546193644,0,0,0,0.798924613029247,"biofuel"
93,1.15832215922289,-0.359397546193644,0,0,0,0.798924613029247,"biofuel"
94,1.15832215922289,-0.359397546193644,0,0,0,0.798924613029247,"biofuel"
95,1.15832215922289,-0.359397546193644,0,0,0,0.798924613029247,"biofuel"
96,1.15832215922289,-0.359397546193644,0,0,0,0.798924613029247,"biofuel"
97,1.15832215922289,-0.359397546193644,0,0,0,0.798924613029247,"biofuel"
98,1.15832215922289,-0.359397546193644,0,0,0,0.798924613029247,"biofuel"
99,1.15832215922289,-0.359397546193644,0,0,0,0.798924613029247,"biofuel"
100,1.15832215922289,-0.359397546193644,0,0,0,0.798924613029247,"biofuel"
101,1.15832215922289,-0.359397546193644,0,0,0,0.798924613029247,"biofuel"
102,1.15832215922289,-0.359397546193644,0,0,0,0.798924613029247,"biofuel"
103,1.15832215922289,-0.359397546193644,0,0,0,0.798924613029247,"biofuel"
104,1.15832215922289,-0.359397546193644,0,0,0,0.798924613029247,"biofuel"
105,1.15832215922289,-0.359397546193644,0,0,0,0.798924613029247,"biofuel"
106,1.15832215922289,-0.359397546193644,0,0,0,0.798924613029247,"biofuel"
107,1.15832215922289,-0.359397546193644,0,0,0,0.798924613029247,"biofuel"
108,1.15832215922289,-0.359397546193644,0,0,0,0.798924613029247,"biofuel"
109,1.15832215922289,-0.359397546193644,0,0,0,0.798924613029247,"biofuel"
110,1.15832215922289,-0.359397546193644,0,0,0,0.798924613029247,"biofuel"
111,1.15832215922289,-0.359397546193644,0,0,0,0.798924613029247,"biofuel"
112,1.15832215922289,-0.359397546193644,0,0,0,0.798924613029247,"biofuel"
113,1.15832215922289,-0.359397546193644,0,0,0,0.798924613029247,"biofuel"
114,1.15832215922289,-0.359397546193644,0,0,0,0.798924613029247,"biofuel"
115,1.15832215922289,-0.359397546193644,0,0,0,0.798924613029247,"biofuel"
116,1.15832215922289,-0.359397546193644,0,0,0,0.798924613029247,"biofuel"
117,1.15832215922289,-0.359397546193644,0,0,0,0.798924613029247,"biofuel"
118,1.15832215922289,-0.359397546193644,0,0,0,0.798924613029247,"biofuel"
119,1.15832215922289,-0.359397546193644,0,0,0,0.798924613029247,"biofuel"
120,1.15832215922289,-0.359397546193644,0,0,0,0.798924613029247,"biofuel"
121,1.15832215922289,-0.359397546193644,0,0,0,0.798924613029247,"biofuel"
122,1.15832215922289,-0.359397546193644,0,0,0,0.798924613029247,"biofuel"
123,1.15832215922289,-0.359397546193644,0,0,0,0.798924613029247,"biofuel"
124,1.15832215922289,-0.359397546193644,0,0,0,0.798924613029247,"biofuel"
125,1.15832215922289,-0.359397546193644,0,0,0,0.798924613029247,"biofuel"
126,1.15832215922289,-0.359397546193644,0,0,0,0.798924613029247,"biofuel"
127,1.15832215922289,-0.359397546193644,0,0,0,0.798924613029247,"biofuel"
128,1.15832215922289,-0.359397546193644,0,0,0,0.798924613029247,"biofuel"
129,1.15832215922289,-0.359397546193644,0,0,0,0.798924613029247,"biofuel"
130,1.15832215922289,-0.359397546193644,0,0,0,0.798924613029247,"biofuel"
131,1.15832215922289,-0.359397546193644,0,0,0,0.798924613029247,"biofuel"
132,1.15832215922289,-0.359397546193644,0,0,0,0.798924613029247,"biofuel"
133,1.15832215922289,-0.359397546193644,0,0,0,0.798924613029247,"biofuel"
134,1.15832215922289,-0.359397546193644,0,0,0,0.798924613029247,"biofuel"
135,1.15832215922289,-0.359397546193644,0,0,0,0.798924613029247,"biofuel"
136,1.15832215922289,-0.359397546193644,0,0,0,0.798924613029247,"biofuel"
137,1.15832215922289,-0.359397546193644,0,0,0,0.798924613029247,"biofuel"
138,1.15832215922289,-0.359397546193644,0,0,0,0.798924613029247,"biofuel"
139,1.15832215922289,-0.359397546193644,0,0,0,0.798924613029247,"biofuel"
140,1.15832215922289,-0.359397546193644,0,0,0,0.798924613029247,"biofuel"
141,1.15832215922289,-0.359397546193644,0,0,0,0.798924613029247,"biofuel"
142,1.15832215922289,-0.359397546193644,0,0,0,0.798924613029247,"biofuel"
143,1.15832215922289,-0.359397546193644,0,0,0,0.798924613029247,"biofuel"
144,1.15832215922289,-0.359397546193644,0,0,0,0.798924613029247,"biofuel"
145,1.15832215922289,-0.359397546193644,0,0,0,0.798924613029247,"biofuel"
146,1.15832215922289,-0.359397546193644,0,0,0,0.798924613029247,"biofuel"
147,1.15832215922289,-0.359397546193644,0,0,0,0.798924613029247,"biofuel"
148,1.15832215922289,-0.359397546193644,0,0,0,0.798924613029247,"biofuel"
149,1.15832215922289,-0.359397546193644,0,0,0,0.798924613029247,"biofuel"
150,1.15832215922289,-0.359397546193644,0,0,0,0.798924613029247,"biofuel"
151,1.15832215922289,-0.359397546193644,0,0,0,0.798924613029247,"biofuel"
152,1.15832215922289,-0.359397546193644,0,0,0,0.798924613029247,"biofuel"
153,1.15832215922289,-0.359397546193644,0,0,0,0.798924613029247,"biofuel"
154,1.15832215922289,-0.359397546193644,0,0,0,0.798924613029247,"biofuel"
155,1.15832215922289,-0.359397546193644,0,0,0,0.798924613029247,"biofuel"
156,1.15832215922289,-0.359397546193644,0,0,0,0.798924613029247,"biofuel"
157,1.15832215922289,-0.359397546193644,0,0,0,0.798924613029247,"biofuel"
158,1.15832215922289,-0.359397546193644,0,0,0,0.798924613029247,"biofuel"
159,1.15832215922289,-0.359397546193644,0,0,0,0.798924613029247,"biofuel"
160,1.15832215922289,-0.359397546193644,0,0,0,0.798924613029247,"biofuel"
0,0,0,0.304952856087002,0,0,0.304952856087002,"biofuel with char"
1,1.15832215922289,-0.359397546193644,0.302796473264011,0,0,1.10172108629326,"biofuel with char"
2,1.15832215922289,-0.359397546193644,0.300694548066629,0,0,1.09961916109588,"biofuel with char"
3,1.15832215922289,-0.359397546193644,0.298645269309214,0,0,1.09756988233846,"biofuel with char"
4,1.15832215922289,-0.359397546193644,0.296646887400583,0,0,1.09557150042983,"biofuel with char"
5,1.15832215922289,-0.359397546193644,0.294697712246103,0,0,1.09362232527535,"biofuel with char"
6,1.15832215922289,-0.359397546193644,0.292796111221262,0,0,1.09172072425051,"biofuel with char"
7,1.15832215922289,-0.359397546193644,0.29094050721425,0,0,1.0898651202435,"biofuel with char"
8,1.15832215922289,-0.359397546193644,0.289129376735233,0,0,1.08805398976448,"biofuel with char"
9,1.15832215922289,-0.359397546193644,0.287361248090014,0,0,1.08628586111926,"biofuel with char"
10,1.15832215922289,-0.359397546193644,0.285634699615921,0,0,1.08455931264517,"biofuel with char"
11,1.15832215922289,-0.359397546193644,0.283948357977777,0,0,1.08287297100702,"biofuel with char"
12,1.15832215922289,-0.359397546193644,0.282300896521919,0,0,1.08122550955117,"biofuel with char"
13,1.15832215922289,-0.359397546193644,0.280691033686282,0,0,1.07961564671553,"biofuel with char"
14,1.15832215922289,-0.359397546193644,0.279117531464645,0,0,1.07804214449389,"biofuel with char"
15,1.15832215922289,-0.359397546193644,0.277579193923182,0,0,1.07650380695243,"biofuel with char"
16,1.15832215922289,-0.359397546193644,0.276074865767556,0,0,1.0749994787968,"biofuel with char"
17,1.15832215922289,-0.359397546193644,0.274603430958812,0,0,1.07352804398806,"biofuel with char"
18,1.15832215922289,-0.359397546193644,0.273163811376421,0,0,1.07208842440567,"biofuel with char"
19,1.15832215922289,-0.359397546193644,0.271754965526869,0,0,1.07067957855612,"biofuel with char"
20,1.15832215922289,-0.359397546193644,0.270375887296225,0,0,1.06930050032547,"biofuel with char"
21,1.15832215922289,-0.359397546193644,0.269025604745214,0,0,1.06795021777446,"biofuel with char"
22,1.15832215922289,-0.359397546193644,0.267703178945327,0,0,1.06662779197457,"biofuel with char"
23,1.15832215922289,-0.359397546193644,0.266407702854571,0,0,1.06533231588382,"biofuel with char"
24,1.15832215922289,-0.359397546193644,0.265138300231529,0,0,1.06406291326078,"biofuel with char"
25,1.15832215922289,-0.359397546193644,0.263894124586394,0,0,1.06281873761564,"biofuel with char"
26,1.15832215922289,-0.359397546193644,0.262674358167749,0,0,1.061598971197,"biofuel with char"
27,1.15832215922289,-0.359397546193644,0.261478210983851,0,0,1.0604028240131,"biofuel with char"
28,1.15832215922289,-0.359397546193644,0.260304919857256,0,0,1.0592295328865,"biofuel with char"
29,1.15832215922289,-0.359397546193644,0.259153747511647,0,0,1.05807836054089,"biofuel with char"
30,1.15832215922289,-0.359397546193644,0.258023981689766,0,0,1.05694859471901,"biofuel with char"
31,1.15832215922289,-0.359397546193644,0.256914934301395,0,0,1.05583954733064,"biofuel with char"
32,1.15832215922289,-0.359397546193644,0.255825940600354,0,0,1.0547505536296,"biofuel with char"
33,1.15832215922289,-0.359397546193644,0.25475635838954,0,0,1.05368097141879,"biofuel with char"
34,1.15832215922289,-0.359397546193644,0.253705567253037,0,0,1.05263018028228,"biofuel with char"
35,1.15832215922289,-0.359397546193644,0.252672967814391,0,0,1.05159758084364,"biofuel with char"
36,1.15832215922289,-0.359397546193644,0.251657981020142,0,0,1.05058259404939,"biofuel with char"
37,1.15832215922289,-0.359397546193644,0.250660047447769,0,0,1.04958466047702,"biofuel with char"
38,1.15832215922289,-0.359397546193644,0.249678626637199,0,0,1.04860323966645,"biofuel with char"
39,1.15832215922289,-0.359397546193644,0.2487131964451,0,0,1.04763780947435,"biofuel with char"
40,1.15832215922289,-0.359397546193644,0.247763252421154,0,0,1.0466878654504,"biofuel with char"
41,1.15832215922289,-0.359397546193644,0.246828307205584,0,0,1.04575292023483,"biofuel with char"
42,1.15832215922289,-0.359397546193644,0.245907889947208,0,0,1.04483250297645,"biofuel with char"
43,1.15832215922289,-0.359397546193644,0.2450015457413,0,0,1.04392615877055,"biofuel with char"
44,1.15832215922289,-0.359397546193644,0.244108835086616,0,0,1.04303344811586,"biofuel with char"
45,1.15832215922289,-0.359397546193644,0.243229333360904,0,0,1.04215394639015,"biofuel with char"
46,1.15832215922289,-0.359397546193644,0.242362630314286,0,0,1.04128724334353,"biofuel with char"
47,1.15832215922289,-0.359397546193644,0.24150832957989,0,0,1.04043294260914,"biofuel with char"
48,1.15832215922289,-0.359397546193644,0.240666048201158,0,0,1.03959066123041,"biofuel with char"
49,1.15832215922289,-0.359397546193644,0.239835416175256,0,0,1.0387600292045,"biofuel with char"
50,1.15832215922289,-0.359397546193644,0.239016076012024,0,0,1.03794068904127,"biofuel with char"
51,1.15832215922289,-0.359397546193644,0.238207682307966,0,0,1.03713229533721,"biofuel with char"
52,1.15832215922289,-0.359397546193644,0.237409901334741,0,0,1.03633451436399,"biofuel with char"
53,1.15832215922289,-0.359397546193644,0.236622410641674,0,0,1.03554702367092,"biofuel with char"
54,1.15832215922289,-0.359397546193644,0.235844898671802,0,0,1.03476951170105,"biofuel with char"
55,1.15832215922289,-0.359397546193644,0.235077064391008,0,0,1.03400167742025,"biofuel with char"
56,1.15832215922289,-0.359397546193644,0.234318616929778,0,0,1.03324322995902,"biofuel with char"
57,1.15832215922289,-0.359397546193644,0.233569275237165,0,0,1.03249388826641,"biofuel with char"
58,1.15832215922289,-0.359397546193644,0.232828767746541,0,0,1.03175338077579,"biofuel with char"
59,1.15832215922289,-0.359397546193644,0.232096832052728,0,0,1.03102144508198,"biofuel with char"
60,1.15832215922289,-0.359397546193644,0.231373214600138,0,0,1.03029782762938,"biofuel with char"
61,1.15832215922289,-0.359397546193644,0.23065767038152,0,0,1.02958228341077,"biofuel with char"
62,1.15832215922289,-0.359397546193644,0.229949962646986,0,0,1.02887457567623,"biofuel with char"
63,1.15832215922289,-0.359397546193644,0.22924986262293,0,0,1.02817447565218,"biofuel with char"
64,1.15832215922289,-0.359397546193644,0.228557149240539,0,0,1.02748176226979,"biofuel with char"
65,1.15832215922289,-0.359397546193644,0.227871608873536,0,0,1.02679622190278,"biofuel with char"
66,1.15832215922289,-0.359397546193644,0.227193035084867,0,0,1.02611764811411,"biofuel with char"
67,1.15832215922289,-0.359397546193644,0.226521228382009,0,0,1.02544584141126,"biofuel with char"
68,1.15832215922289,-0.359397546193644,0.225855995980618,0,0,1.02478060900986,"biofuel with char"
69,1.15832215922289,-0.359397546193644,0.225197151576223,0,0,1.02412176460547,"biofuel with char"
70,1.15832215922289,-0.359397546193644,0.224544515123702,0,0,1.02346912815295,"biofuel with char"
71,1.15832215922289,-0.359397546193644,0.223897912624262,0,0,1.02282252565351,"biofuel with char"
72,1.15832215922289,-0.359397546193644,0.223257175919682,0,0,1.02218178894893,"biofuel with char"
73,1.15832215922289,-0.359397546193644,0.222622142493559,0,0,1.02154675552281,"biofuel with char"
74,1.15832215922289,-0.359397546193644,0.221992655279328,0,0,1.02091726830857,"biofuel with char"
75,1.15832215922289,-0.359397546193644,0.221368562474817,0,0,1.02029317550406,"biofuel with char"
76,1.15832215922289,-0.359397546193644,0.220749717363124,0,0,1.01967433039237,"biofuel with char"
77,1.15832215922289,-0.359397546193644,0.220135978139587,0,0,1.01906059116883,"biofuel with char"
78,1.15832215922289,-0.359397546193644,0.219527207744657,0,0,1.0184518207739,"biofuel with char"
79,1.15832215922289,-0.359397546193644,0.218923273702455,0,0,1.0178478867317,"biofuel with char"
80,1.15832215922289,-0.359397546193644,0.218324047964836,0,0,1.01724866099408,"biofuel with char"
81,1.15832215922289,-0.359397546193644,0.217729406760755,0,0,1.01665401979,"biofuel with char"
82,1.15832215922289,-0.359397546193644,0.217139230450772,0,0,1.01606384348002,"biofuel with char"
83,1.15832215922289,-0.359397546193644,0.216553403386509,0,0,1.01547801641576,"biofuel with char"
84,1.15832215922289,-0.359397546193644,0.215971813774894,0,0,1.01489642680414,"biofuel with char"
85,1.15832215922289,-0.359397546193644,0.215394353547028,0,0,1.01431896657628,"biofuel with char"
86,1.15832215922289,-0.359397546193644,0.214820918231523,0,0,1.01374553126077,"biofuel with char"
87,1.15832215922289,-0.359397546193644,0.214251406832146,0,0,1.01317601986139,"biofuel with char"
88,1.15832215922289,-0.359397546193644,0.213685721709638,0,0,1.01261033473889,"biofuel with char"
89,1.15832215922289,-0.359397546193644,0.213123768467558,0,0,1.01204838149681,"biofuel with char"
90,1.15832215922289,-0.359397546193644,0.212565455842006,0,0,1.01149006887125,"biofuel with char"
91,1.15832215922289,-0.359397546193644,0.212010695595116,0,0,1.01093530862436,"biofuel with char"
92,1.15832215922289,-0.359397546193644,0.211459402412161,0,0,1.01038401544141,"biofuel with char"
93,1.15832215922289,-0.359397546193644,0.21091149380218,0,0,1.00983610683143,"biofuel with char"
94,1.15832215922289,-0.359397546193644,0.210366890001973,0,0,1.00929150303122,"biofuel with char"
95,1.15832215922289,-0.359397546193644,0.209825513883375,0,0,1.00875012691262,"biofuel with char"
96,1.15832215922289,-0.359397546193644,0.209287290863688,0,0,1.00821190389294,"biofuel with char"
97,1.15832215922289,-0.359397546193644,0.208752148819161,0,0,1.00767676184841,"biofuel with char"
98,1.15832215922289,-0.359397546193644,0.208220018001415,0,0,1.00714463103066,"biofuel with char"
99,1.15832215922289,-0.359397546193644,0.207690830956722,0,0,1.00661544398597,"biofuel with char"
100,1.15832215922289,-0.359397546193644,0.207164522448024,0,0,1.00608913547727,"biofuel with char"
101,1.15832215922289,-0.359397546193644,0.206641029379614,0,0,1.00556564240886,"biofuel with char"
102,1.15832215922289,-0.359397546193644,0.20612029072438,0,0,1.00504490375363,"biofuel with char"
103,1.15832215922289,-0.359397546193644,0.205602247453528,0,0,1.00452686048277,"biofuel with char"
104,1.15832215922289,-0.359397546193644,0.205086842468694,0,0,1.00401145549794,"biofuel with char"
105,1.15832215922289,-0.359397546193644,0.204574020536379,0,0,1.00349863356563,"biofuel with char"
106,1.15832215922289,-0.359397546193644,0.204063728224602,0,0,1.00298834125385,"biofuel with char"
107,1.15832215922289,-0.359397546193644,0.203555913841725,0,0,1.00248052687097,"biofuel with char"
108,1.15832215922289,-0.359397546193644,0.203050527377347,0,0,1.00197514040659,"biofuel with char"
109,1.15832215922289,-0.359397546193644,0.202547520445225,0,0,1.00147213347447,"biofuel with char"
110,1.15832215922289,-0.359397546193644,0.202046846228132,0,0,1.00097145925738,"biofuel with char"
111,1.15832215922289,-0.359397546193644,0.201548459424589,0,0,1.00047307245384,"biofuel with char"
112,1.15832215922289,-0.359397546193644,0.201052316197417,0,0,0.999976929226664,"biofuel with char"
113,1.15832215922289,-0.359397546193644,0.200558374124044,0,0,0.999482987153292,"biofuel with char"
114,1.15832215922289,-0.359397546193644,0.200066592148494,0,0,0.998991205177741,"biofuel with char"
115,1.15832215922289,-0.359397546193644,0.199576930535018,0,0,0.998501543564265,"biofuel with char"
116,1.15832215922289,-0.359397546193644,0.199089350823306,0,0,0.998013963852553,"biofuel with char"
117,1.15832215922289,-0.359397546193644,0.198603815785218,0,0,0.997528428814465,"biofuel with char"
118,1.15832215922289,-0.359397546193644,0.198120289382993,0,0,0.99704490241224,"biofuel with char"
119,1.15832215922289,-0.359397546193644,0.197638736728879,0,0,0.996563349758126,"biofuel with char"
120,1.15832215922289,-0.359397546193644,0.19715912404614,0,0,0.996083737075387,"biofuel with char"
121,1.15832215922289,-0.359397546193644,0.196681418631386,0,0,0.995606031660633,"biofuel with char"
122,1.15832215922289,-0.359397546193644,0.196205588818195,0,0,0.995130201847441,"biofuel with char"
123,1.15832215922289,-0.359397546193644,0.19573160394196,0,0,0.994656216971207,"biofuel with char"
124,1.15832215922289,-0.359397546193644,0.195259434305947,0,0,0.994184047335194,"biofuel with char"
125,1.15832215922289,-0.359397546193644,0.194789051148502,0,0,0.993713664177749,"biofuel with char"
126,1.15832215922289,-0.359397546193644,0.194320426611372,0,0,0.993245039640619,"biofuel with char"
127,1.15832215922289,-0.359397546193644,0.193853533709111,0,0,0.992778146738358,"biofuel with char"
128,1.15832215922289,-0.359397546193644,0.193388346299522,0,0,0.992312959328769,"biofuel with char"
129,1.15832215922289,-0.359397546193644,0.192924839055112,0,0,0.991849452084359,"biofuel with char"
130,1.15832215922289,-0.359397546193644,0.192462987435512,0,0,0.991387600464759,"biofuel with char"
131,1.15832215922289,-0.359397546193644,0.19200276766084,0,0,0.990927380690087,"biofuel with char"
132,1.15832215922289,-0.359397546193644,0.191544156685972,0,0,0.990468769715219,"biofuel with char"
133,1.15832215922289,-0.359397546193644,0.191087132175682,0,0,0.990011745204929,"biofuel with char"
134,1.15832215922289,-0.359397546193644,0.190631672480641,0,0,0.989556285509888,"biofuel with char"
135,1.15832215922289,-0.359397546193644,0.190177756614219,0,0,0.989102369643466,"biofuel with char"
136,1.15832215922289,-0.359397546193644,0.189725364230087,0,0,0.988649977259334,"biofuel with char"
137,1.15832215922289,-0.359397546193644,0.189274475600579,0,0,0.988199088629826,"biofuel with char"
138,1.15832215922289,-0.359397546193644,0.188825071595786,0,0,0.987749684625033,"biofuel with char"
139,1.15832215922289,-0.359397546193644,0.188377133663369,0,0,0.987301746692616,"biofuel with char"
140,1.15832215922289,-0.359397546193644,0.187930643809055,0,0,0.986855256838302,"biofuel with char"
141,1.15832215922289,-0.359397546193644,0.187485584577797,0,0,0.986410197607044,"biofuel with char"
142,1.15832215922289,-0.359397546193644,0.187041939035576,0,0,0.985966552064823,"biofuel with char"
143,1.15832215922289,-0.359397546193644,0.186599690751823,0,0,0.98552430378107,"biofuel with char"
144,1.15832215922289,-0.359397546193644,0.18615882378244,0,0,0.985083436811687,"biofuel with char"
145,1.15832215922289,-0.359397546193644,0.185719322653396,0,0,0.984643935682643,"biofuel with char"
146,1.15832215922289,-0.359397546193644,0.185281172344886,0,0,0.984205785374133,"biofuel with char"
147,1.15832215922289,-0.359397546193644,0.184844358276023,0,0,0.98376897130527,"biofuel with char"
148,1.15832215922289,-0.359397546193644,0.184408866290059,0,0,0.983333479319306,"biofuel with char"
149,1.15832215922289,-0.359397546193644,0.183974682640099,0,0,0.982899295669346,"biofuel with char"
150,1.15832215922289,-0.359397546193644,0.183541793975315,0,0,0.982466407004562,"biofuel with char"
151,1.15832215922289,-0.359397546193644,0.183110187327612,0,0,0.982034800356859,"biofuel with char"
152,1.15832215922289,-0.359397546193644,0.182679850098764,0,0,0.981604463128011,"biofuel with char"
153,1.15832215922289,-0.359397546193644,0.182250770047977,0,0,0.981175383077224,"biofuel with char"
154,1.15832215922289,-0.359397546193644,0.181822935279881,0,0,0.980747548309128,"biofuel with char"
155,1.15832215922289,-0.359397546193644,0.181396334232928,0,0,0.980320947262175,"biofuel with char"
156,1.15832215922289,-0.359397546193644,0.180970955668183,0,0,0.97989556869743,"biofuel with char"
157,1.15832215922289,-0.359397546193644,0.180546788658506,0,0,0.979471401687753,"biofuel with char"
158,1.15832215922289,-0.359397546193644,0.180123822578086,0,0,0.979048435607333,"biofuel with char"
159,1.15832215922289,-0.359397546193644,0.179702047092347,0,0,0.978626660121594,"biofuel with char"
160,1.15832215922289,-0.359397546193644,0.179281452148188,0,0,0.978206065177435,"biofuel with char"
0,0,0,0.574,0,0,0.574,"biochar"
1,0.229,-0.03873,0.569941130847964,0,0,0.760211130847964,"biochar"
2,0.229,-0.03873,0.565984765005785,0,0,0.756254765005784,"biochar"
3,0.229,-0.03873,0.562127493354522,0,0,0.752397493354522,"biochar"
4,0.229,-0.03873,0.558366022711902,0,0,0.748636022711902,"biochar"
5,0.229,-0.03873,0.554697171883523,0,0,0.744967171883523,"biochar"
6,0.229,-0.03873,0.551117867848582,0,0,0.741387867848582,"biochar"
7,0.229,-0.03873,0.547625142075518,0,0,0.737895142075518,"biochar"
8,0.229,-0.03873,0.544216126963164,0,0,0.734486126963164,"biochar"
9,0.229,-0.03873,0.540888052403121,0,0,0.731158052403121,"biochar"
10,0.229,-0.03873,0.53763824245923,0,0,0.72790824245923,"biochar"
11,0.229,-0.03873,0.534464112160158,0,0,0.724734112160158,"biochar"
12,0.229,-0.03873,0.531363164401227,0,0,0.721633164401227,"biochar"
13,0.229,-0.03873,0.528332986951793,0,0,0.718602986951792,"biochar"
14,0.229,-0.03873,0.525371249564547,0,0,0.715641249564547,"biochar"
15,0.229,-0.03873,0.522475701183299,0,0,0.712745701183299,"biochar"
16,0.229,-0.03873,0.51964416724586,0,0,0.70991416724586,"biochar"
17,0.229,-0.03873,0.516874547078807,0,0,0.707144547078807,"biochar"
18,0.229,-0.03873,0.514164811380984,0,0,0.704434811380984,"biochar"
19,0.229,-0.03873,0.511512999792728,0,0,0.701782999792728,"biochar"
20,0.229,-0.03873,0.508917218547892,0,0,0.699187218547892,"biochar"
21,0.229,-0.03873,0.506375638205852,0,0,0.696645638205851,"biochar"
22,0.229,-0.03873,0.50388649146076,0,0,0.69415649146076,"biochar"
23,0.229,-0.03873,0.501448071025433,0,0,0.691718071025433,"biochar"
24,0.229,-0.03873,0.499058727587316,0,0,0.689328727587316,"biochar"
25,0.229,-0.03873,0.496716867834071,0,0,0.686986867834071,"biochar"
26,0.229,-0.03873,0.494420952546423,0,0,0.684690952546423,"biochar"
27,0.229,-0.03873,0.492169494755971,0,0,0.682439494755971,"biochar"
28,0.229,-0.03873,0.489961057965751,0,0,0.680231057965751,"biochar"
29,0.229,-0.03873,0.4877942544314,0,0,0.6780642544314,"biochar"
30,0.229,-0.03873,0.485667743500889,0,0,0.675937743500889,"biochar"
31,0.229,-0.03873,0.483580230010793,0,0,0.673850230010792,"biochar"
32,0.229,-0.03873,0.481530462737194,0,0,0.671800462737194,"biochar"
33,0.229,-0.03873,0.479517232899359,0,0,0.669787232899359,"biochar"
34,0.229,-0.03873,0.477539372714372,0,0,0.667809372714372,"biochar"
35,0.229,-0.03873,0.475595754001013,0,0,0.665865754001013,"biochar"
36,0.229,-0.03873,0.473685286831188,0,0,0.663955286831188,"biochar"
37,0.229,-0.03873,0.471806918227291,0,0,0.662076918227291,"biochar"
38,0.229,-0.03873,0.469959630903948,0,0,0.660229630903948,"biochar"
39,0.229,-0.03873,0.46814244205261,0,0,0.65841244205261,"biochar"
40,0.229,-0.03873,0.466354402167554,0,0,0.656624402167554,"biochar"
41,0.229,-0.03873,0.464594593911869,0,0,0.654864593911869,"biochar"
42,0.229,-0.03873,0.462862131022072,0,0,0.653132131022072,"biochar"
43,0.229,-0.03873,0.461156157250039,0,0,0.651426157250039,"biochar"
44,0.229,-0.03873,0.459475845340967,0,0,0.649745845340967,"biochar"
45,0.229,-0.03873,0.45782039604616,0,0,0.64809039604616,"biochar"
46,0.229,-0.03873,0.456189037169439,0,0,0.646459037169439,"biochar"
47,0.229,-0.03873,0.454581022646028,0,0,0.644851022646028,"biochar"
48,0.229,-0.03873,0.452995631652826,0,0,0.643265631652826,"biochar"
49,0.229,-0.03873,0.451432167748975,0,0,0.641702167748975,"biochar"
50,0.229,-0.03873,0.449889958045712,0,0,0.640159958045712,"biochar"
51,0.229,-0.03873,0.448368352404489,0,0,0.638638352404489,"biochar"
52,0.229,-0.03873,0.446866722662414,0,0,0.637136722662414,"biochar"
53,0.229,-0.03873,0.445384461884073,0,0,0.635654461884073,"biochar"
54,0.229,-0.03873,0.443920983638835,0,0,0.634190983638835,"biochar"
55,0.229,-0.03873,0.442475721302778,0,0,0.632745721302778,"biochar"
56,0.229,-0.03873,0.441048127384386,0,0,0.631318127384386,"biochar"
57,0.229,-0.03873,0.439637672873224,0,0,0.629907672873224,"biochar"
58,0.229,-0.03873,0.438243846610789,0,0,0.628513846610789,"biochar"
59,0.229,-0.03873,0.4368661546828,0,0,0.6271361546828,"biochar"
60,0.229,-0.03873,0.435504119832179,0,0,0.625774119832179,"biochar"
61,0.229,-0.03873,0.434157280892034,0,0,0.624427280892034,"biochar"
62,0.229,-0.03873,0.432825192237953,0,0,0.623095192237953,"biochar"
63,0.229,-0.03873,0.431507423258956,0,0,0.621777423258956,"biochar"
64,0.229,-0.03873,0.430203557846464,0,0,0.620473557846464,"biochar"
65,0.229,-0.03873,0.428913193900677,0,0,0.619183193900677,"biochar"
66,0.229,-0.03873,0.427635942853764,0,0,0.617905942853764,"biochar"
67,0.229,-0.03873,0.426371429209299,0,0,0.616641429209299,"biochar"
68,0.229,-0.03873,0.425119290097379,0,0,0.615389290097379,"biochar"
69,0.229,-0.03873,0.423879174844893,0,0,0.614149174844893,"biochar"
70,0.229,-0.03873,0.422650744560443,0,0,0.612920744560443,"biochar"
71,0.229,-0.03873,0.421433671733381,0,0,0.611703671733381,"biochar"
72,0.229,-0.03873,0.420227639846524,0,0,0.610497639846524,"biochar"
73,0.229,-0.03873,0.419032343002048,0,0,0.609302343002048,"biochar"
74,0.229,-0.03873,0.41784748556013,0,0,0.60811748556013,"biochar"
75,0.229,-0.03873,0.416672781789896,0,0,0.606942781789896,"biochar"
76,0.229,-0.03873,0.415507955532257,0,0,0.605777955532257,"biochar"
77,0.229,-0.03873,0.414352739874235,0,0,0.604622739874235,"biochar"
78,0.229,-0.03873,0.413206876834375,0,0,0.603476876834375,"biochar"
79,0.229,-0.03873,0.412070117058874,0,0,0.602340117058874,"biochar"
80,0.229,-0.03873,0.410942219528066,0,0,0.601212219528066,"biochar"
81,0.229,-0.03873,0.409822951272893,0,0,0.600092951272893,"biochar"
82,0.229,-0.03873,0.408712087101044,0,0,0.598982087101044,"biochar"
83,0.229,-0.03873,0.407609409332415,0,0,0.597879409332415,"biochar"
84,0.229,-0.03873,0.406514707543586,0,0,0.596784707543586,"biochar"
85,0.229,-0.03873,0.405427778320991,0,0,0.595697778320991,"biochar"
86,0.229,-0.03873,0.404348425022505,0,0,0.594618425022506,"biochar"
87,0.229,-0.03873,0.403276457547148,0,0,0.593546457547148,"biochar"
88,0.229,-0.03873,0.40221169211263,0,0,0.59248169211263,"biochar"
89,0.229,-0.03873,0.401153951040475,0,0,0.591423951040475,"biochar"
90,0.229,-0.03873,0.400103062548467,0,0,0.590373062548467,"biochar"
91,0.229,-0.03873,0.399058860550161,0,0,0.589328860550161,"biochar"
92,0.229,-0.03873,0.39802118446122,0,0,0.58829118446122,"biochar"
93,0.229,-0.03873,0.396989879012356,0,0,0.587259879012356,"biochar"
94,0.229,-0.03873,0.395964794068637,0,0,0.586234794068637,"biochar"
95,0.229,-0.03873,0.394945784454946,0,0,0.585215784454946,"biochar"
96,0.229,-0.03873,0.393932709787391,0,0,0.584202709787391,"biochar"
97,0.229,-0.03873,0.392925434310452,0,0,0.583195434310452,"biochar"
98,0.229,-0.03873,0.391923826739677,0,0,0.582193826739677,"biochar"
99,0.229,-0.03873,0.390927760109736,0,0,0.581197760109736,"biochar"
100,0.229,-0.03873,0.389937111627642,0,0,0.580207111627642,"biochar"
101,0.229,-0.03873,0.388951762530989,0,0,0.579221762530989,"biochar"
102,0.229,-0.03873,0.387971597950995,0,0,0.578241597950995,"biochar"
103,0.229,-0.03873,0.386996506780232,0,0,0.577266506780232,"biochar"
104,0.229,-0.03873,0.386026381544842,0,0,0.576296381544842,"biochar"
105,0.229,-0.03873,0.385061118281117,0,0,0.575331118281117,"biochar"
106,0.229,-0.03873,0.384100616416277,0,0,0.574370616416277,"biochar"
107,0.229,-0.03873,0.383144778653312,0,0,0.573414778653312,"biochar"
108,0.229,-0.03873,0.382193510859741,0,0,0.572463510859741,"biochar"
109,0.229,-0.03873,0.381246721960164,0,0,0.571516721960164,"biochar"
110,0.229,-0.03873,0.38030432383247,0,0,0.57057432383247,"biochar"
111,0.229,-0.03873,0.379366231207581,0,0,0.569636231207581,"biochar"
112,0.229,-0.03873,0.378432361572613,0,0,0.568702361572613,"biochar"
113,0.229,-0.03873,0.377502635077331,0,0,0.567772635077331,"biochar"
114,0.229,-0.03873,0.376576974443789,0,0,0.566846974443789,"biochar"
115,0.229,-0.03873,0.375655304879051,0,0,0.565925304879051,"biochar"
116,0.229,-0.03873,0.374737553990885,0,0,0.565007553990885,"biochar"
117,0.229,-0.03873,0.37382365170632,0,0,0.56409365170632,"biochar"
118,0.229,-0.03873,0.372913530192986,0,0,0.563183530192986,"biochar"
119,0.229,-0.03873,0.37200712378313,0,0,0.56227712378313,"biochar"
120,0.229,-0.03873,0.371104368900212,0,0,0.561374368900212,"biochar"
121,0.229,-0.03873,0.370205203988012,0,0,0.560475203988012,"biochar"
122,0.229,-0.03873,0.369309569442146,0,0,0.559579569442146,"biochar"
123,0.229,-0.03873,0.368417407543911,0,0,0.558687407543911,"biochar"
124,0.229,-0.03873,0.367528662396386,0,0,0.557798662396386,"biochar"
125,0.229,-0.03873,0.366643279862712,0,0,0.556913279862712,"biochar"
126,0.229,-0.03873,0.365761207506466,0,0,0.556031207506466,"biochar"
127,0.229,-0.03873,0.364882394534071,0,0,0.555152394534071,"biochar"
128,0.229,-0.03873,0.364006791739166,0,0,0.554276791739166,"biochar"
129,0.229,-0.03873,0.36313435144887,0,0,0.55340435144887,"biochar"
130,0.229,-0.03873,0.362265027471872,0,0,0.552535027471872,"biochar"
131,0.229,-0.03873,0.361398775048297,0,0,0.551668775048297,"biochar"
132,0.229,-0.03873,0.36053555080127,0,0,0.55080555080127,"biochar"
133,0.229,-0.03873,0.359675312690133,0,0,0.549945312690133,"biochar"
134,0.229,-0.03873,0.358818019965256,0,0,0.549088019965256,"biochar"
135,0.229,-0.03873,0.357963633124386,0,0,0.548233633124386,"biochar"
136,0.229,-0.03873,0.357112113870481,0,0,0.547382113870481,"biochar"
137,0.229,-0.03873,0.356263425070977,0,0,0.546533425070977,"biochar"
138,0.229,-0.03873,0.355417530718449,0,0,0.545687530718449,"biochar"
139,0.229,-0.03873,0.354574395892606,0,0,0.544844395892606,"biochar"
140,0.229,-0.03873,0.35373398672358,0,0,0.54400398672358,"biochar"
141,0.229,-0.03873,0.352896270356466,0,0,0.543166270356466,"biochar"
142,0.229,-0.03873,0.35206121491707,0,0,0.54233121491707,"biochar"
143,0.229,-0.03873,0.351228789478818,0,0,0.541498789478818,"biochar"
144,0.229,-0.03873,0.350398964030803,0,0,0.540668964030803,"biochar"
145,0.229,-0.03873,0.349571709446904,0,0,0.539841709446904,"biochar"
146,0.229,-0.03873,0.348746997455969,0,0,0.539016997455969,"biochar"
147,0.229,-0.03873,0.347924800613007,0,0,0.538194800613007,"biochar"
148,0.229,-0.03873,0.347105092271359,0,0,0.537375092271359,"biochar"
149,0.229,-0.03873,0.346287846555827,0,0,0.536557846555827,"biochar"
150,0.229,-0.03873,0.345473038336699,0,0,0.535743038336699,"biochar"
151,0.229,-0.03873,0.344660643204677,0,0,0.534930643204677,"biochar"
152,0.229,-0.03873,0.343850637446645,0,0,0.534120637446645,"biochar"
153,0.229,-0.03873,0.34304299802227,0,0,0.53331299802227,"biochar"
154,0.229,-0.03873,0.342237702541393,0,0,0.532507702541393,"biochar"
155,0.229,-0.03873,0.341434729242197,0,0,0.531704729242197,"biochar"
156,0.229,-0.03873,0.340634056970108,0,0,0.530904056970108,"biochar"
157,0.229,-0.03873,0.339835665157422,0,0,0.530105665157423,"biochar"
158,0.229,-0.03873,0.339039533803625,0,0,0.529309533803625,"biochar"
159,0.229,-0.03873,0.338245643456374,0,0,0.528515643456374,"biochar"
160,0.229,-0.03873,0.337453975193139,0,0,0.527723975193139,"biochar"
0,0,0,0,0,0,0,"ft"
1,0.646097878787879,0.839853181853737,0,0,0,0.646097878787879,"ft"
2,0.646097878787879,0.839853181853737,0,0,0,0.646097878787879,"ft"
3,0.646097878787879,0.839853181853737,0,0,0,0.646097878787879,"ft"
4,0.646097878787879,0.839853181853737,0,0,0,0.646097878787879,"ft"
5,0.646097878787879,0.839853181853737,0,0,0,0.646097878787879,"ft"
6,0.646097878787879,0.839853181853737,0,0,0,0.646097878787879,"ft"
7,0.646097878787879,0.839853181853737,0,0,0,0.646097878787879,"ft"
8,0.646097878787879,0.839853181853737,0,0,0,0.646097878787879,"ft"
9,0.646097878787879,0.839853181853737,0,0,0,0.646097878787879,"ft"
10,0.646097878787879,0.839853181853737,0,0,0,0.646097878787879,"ft"
11,0.646097878787879,0.839853181853737,0,0,0,0.646097878787879,"ft"
12,0.646097878787879,0.839853181853737,0,0,0,0.646097878787879,"ft"
13,0.646097878787879,0.839853181853737,0,0,0,0.646097878787879,"ft"
14,0.646097878787879,0.839853181853737,0,0,0,0.646097878787879,"ft"
15,0.646097878787879,0.839853181853737,0,0,0,0.646097878787879,"ft"
16,0.646097878787879,0.839853181853737,0,0,0,0.646097878787879,"ft"
17,0.646097878787879,0.839853181853737,0,0,0,0.646097878787879,"ft"
18,0.646097878787879,0.839853181853737,0,0,0,0.646097878787879,"ft"
19,0.646097878787879,0.839853181853737,0,0,0,0.646097878787879,"ft"
20,0.646097878787879,0.839853181853737,0,0,0,0.646097878787879,"ft"
21,0.646097878787879,0.839853181853737,0,0,0,0.646097878787879,"ft"
22,0.646097878787879,0.839853181853737,0,0,0,0.646097878787879,"ft"
23,0.646097878787879,0.839853181853737,0,0,0,0.646097878787879,"ft"
24,0.646097878787879,0.839853181853737,0,0,0,0.646097878787879,"ft"
25,0.646097878787879,0.839853181853737,0,0,0,0.646097878787879,"ft"
26,0.646097878787879,0.839853181853737,0,0,0,0.646097878787879,"ft"
27,0.646097878787879,0.839853181853737,0,0,0,0.646097878787879,"ft"
28,0.646097878787879,0.839853181853737,0,0,0,0.646097878787879,"ft"
29,0.646097878787879,0.839853181853737,0,0,0,0.646097878787879,"ft"
30,0.646097878787879,0.839853181853737,0,0,0,0.646097878787879,"ft"
31,0.646097878787879,0.839853181853737,0,0,0,0.646097878787879,"ft"
32,0.646097878787879,0.839853181853737,0,0,0,0.646097878787879,"ft"
33,0.646097878787879,0.839853181853737,0,0,0,0.646097878787879,"ft"
34,0.646097878787879,0.839853181853737,0,0,0,0.646097878787879,"ft"
35,0.646097878787879,0.839853181853737,0,0,0,0.646097878787879,"ft"
36,0.646097878787879,0.839853181853737,0,0,0,0.646097878787879,"ft"
37,0.646097878787879,0.839853181853737,0,0,0,0.646097878787879,"ft"
38,0.646097878787879,0.839853181853737,0,0,0,0.646097878787879,"ft"
39,0.646097878787879,0.839853181853737,0,0,0,0.646097878787879,"ft"
40,0.646097878787879,0.839853181853737,0,0,0,0.646097878787879,"ft"
41,0.646097878787879,0.839853181853737,0,0,0,0.646097878787879,"ft"
42,0.646097878787879,0.839853181853737,0,0,0,0.646097878787879,"ft"
43,0.646097878787879,0.839853181853737,0,0,0,0.646097878787879,"ft"
44,0.646097878787879,0.839853181853737,0,0,0,0.646097878787879,"ft"
45,0.646097878787879,0.839853181853737,0,0,0,0.646097878787879,"ft"
46,0.646097878787879,0.839853181853737,0,0,0,0.646097878787879,"ft"
47,0.646097878787879,0.839853181853737,0,0,0,0.646097878787879,"ft"
48,0.646097878787879,0.839853181853737,0,0,0,0.646097878787879,"ft"
49,0.646097878787879,0.839853181853737,0,0,0,0.646097878787879,"ft"
50,0.646097878787879,0.839853181853737,0,0,0,0.646097878787879,"ft"
51,0.646097878787879,0.839853181853737,0,0,0,0.646097878787879,"ft"
52,0.646097878787879,0.839853181853737,0,0,0,0.646097878787879,"ft"
53,0.646097878787879,0.839853181853737,0,0,0,0.646097878787879,"ft"
54,0.646097878787879,0.839853181853737,0,0,0,0.646097878787879,"ft"
55,0.646097878787879,0.839853181853737,0,0,0,0.646097878787879,"ft"
56,0.646097878787879,0.839853181853737,0,0,0,0.646097878787879,"ft"
57,0.646097878787879,0.839853181853737,0,0,0,0.646097878787879,"ft"
58,0.646097878787879,0.839853181853737,0,0,0,0.646097878787879,"ft"
59,0.646097878787879,0.839853181853737,0,0,0,0.646097878787879,"ft"
60,0.646097878787879,0.839853181853737,0,0,0,0.646097878787879,"ft"
61,0.646097878787879,0.839853181853737,0,0,0,0.646097878787879,"ft"
62,0.646097878787879,0.839853181853737,0,0,0,0.646097878787879,"ft"
63,0.646097878787879,0.839853181853737,0,0,0,0.646097878787879,"ft"
64,0.646097878787879,0.839853181853737,0,0,0,0.646097878787879,"ft"
65,0.646097878787879,0.839853181853737,0,0,0,0.646097878787879,"ft"
66,0.646097878787879,0.839853181853737,0,0,0,0.646097878787879,"ft"
67,0.646097878787879,0.839853181853737,0,0,0,0.646097878787879,"ft"
68,0.646097878787879,0.839853181853737,0,0,0,0.646097878787879,"ft"
69,0.646097878787879,0.839853181853737,0,0,0,0.646097878787879,"ft"
70,0.646097878787879,0.839853181853737,0,0,0,0.646097878787879,"ft"
71,0.646097878787879,0.839853181853737,0,0,0,0.646097878787879,"ft"
72,0.646097878787879,0.839853181853737,0,0,0,0.646097878787879,"ft"
73,0.646097878787879,0.839853181853737,0,0,0,0.646097878787879,"ft"
74,0.646097878787879,0.839853181853737,0,0,0,0.646097878787879,"ft"
75,0.646097878787879,0.839853181853737,0,0,0,0.646097878787879,"ft"
76,0.646097878787879,0.839853181853737,0,0,0,0.646097878787879,"ft"
77,0.646097878787879,0.839853181853737,0,0,0,0.646097878787879,"ft"
78,0.646097878787879,0.839853181853737,0,0,0,0.646097878787879,"ft"
79,0.646097878787879,0.839853181853737,0,0,0,0.646097878787879,"ft"
80,0.646097878787879,0.839853181853737,0,0,0,0.646097878787879,"ft"
81,0.646097878787879,0.839853181853737,0,0,0,0.646097878787879,"ft"
82,0.646097878787879,0.839853181853737,0,0,0,0.646097878787879,"ft"
83,0.646097878787879,0.839853181853737,0,0,0,0.646097878787879,"ft"
84,0.646097878787879,0.839853181853737,0,0,0,0.646097878787879,"ft"
85,0.646097878787879,0.839853181853737,0,0,0,0.646097878787879,"ft"
86,0.646097878787879,0.839853181853737,0,0,0,0.646097878787879,"ft"
87,0.646097878787879,0.839853181853737,0,0,0,0.646097878787879,"ft"
88,0.646097878787879,0.839853181853737,0,0,0,0.646097878787879,"ft"
89,0.646097878787879,0.839853181853737,0,0,0,0.646097878787879,"ft"
90,0.646097878787879,0.839853181853737,0,0,0,0.646097878787879,"ft"
91,0.646097878787879,0.839853181853737,0,0,0,0.646097878787879,"ft"
92,0.646097878787879,0.839853181853737,0,0,0,0.646097878787879,"ft"
93,0.646097878787879,0.839853181853737,0,0,0,0.646097878787879,"ft"
94,0.646097878787879,0.839853181853737,0,0,0,0.646097878787879,"ft"
95,0.646097878787879,0.839853181853737,0,0,0,0.646097878787879,"ft"
96,0.646097878787879,0.839853181853737,0,0,0,0.646097878787879,"ft"
97,0.646097878787879,0.839853181853737,0,0,0,0.646097878787879,"ft"
98,0.646097878787879,0.839853181853737,0,0,0,0.646097878787879,"ft"
99,0.646097878787879,0.839853181853737,0,0,0,0.646097878787879,"ft"
100,0.646097878787879,0.839853181853737,0,0,0,0.646097878787879,"ft"
101,0.646097878787879,0.839853181853737,0,0,0,0.646097878787879,"ft"
102,0.646097878787879,0.839853181853737,0,0,0,0.646097878787879,"ft"
103,0.646097878787879,0.839853181853737,0,0,0,0.646097878787879,"ft"
104,0.646097878787879,0.839853181853737,0,0,0,0.646097878787879,"ft"
105,0.646097878787879,0.839853181853737,0,0,0,0.646097878787879,"ft"
106,0.646097878787879,0.839853181853737,0,0,0,0.646097878787879,"ft"
107,0.646097878787879,0.839853181853737,0,0,0,0.646097878787879,"ft"
108,0.646097878787879,0.839853181853737,0,0,0,0.646097878787879,"ft"
109,0.646097878787879,0.839853181853737,0,0,0,0.646097878787879,"ft"
110,0.646097878787879,0.839853181853737,0,0,0,0.646097878787879,"ft"
111,0.646097878787879,0.839853181853737,0,0,0,0.646097878787879,"ft"
112,0.646097878787879,0.839853181853737,0,0,0,0.646097878787879,"ft"
113,0.646097878787879,0.839853181853737,0,0,0,0.646097878787879,"ft"
114,0.646097878787879,0.839853181853737,0,0,0,0.646097878787879,"ft"
115,0.646097878787879,0.839853181853737,0,0,0,0.646097878787879,"ft"
116,0.646097878787879,0.839853181853737,0,0,0,0.646097878787879,"ft"
117,0.646097878787879,0.839853181853737,0,0,0,0.646097878787879,"ft"
118,0.646097878787879,0.839853181853737,0,0,0,0.646097878787879,"ft"
119,0.646097878787879,0.839853181853737,0,0,0,0.646097878787879,"ft"
120,0.646097878787879,0.839853181853737,0,0,0,0.646097878787879,"ft"
121,0.646097878787879,0.839853181853737,0,0,0,0.646097878787879,"ft"
122,0.646097878787879,0.839853181853737,0,0,0,0.646097878787879,"ft"
123,0.646097878787879,0.839853181853737,0,0,0,0.646097878787879,"ft"
124,0.646097878787879,0.839853181853737,0,0,0,0.646097878787879,"ft"
125,0.646097878787879,0.839853181853737,0,0,0,0.646097878787879,"ft"
126,0.646097878787879,0.839853181853737,0,0,0,0.646097878787879,"ft"
127,0.646097878787879,0.839853181853737,0,0,0,0.646097878787879,"ft"
128,0.646097878787879,0.839853181853737,0,0,0,0.646097878787879,"ft"
129,0.646097878787879,0.839853181853737,0,0,0,0.646097878787879,"ft"
130,0.646097878787879,0.839853181853737,0,0,0,0.646097878787879,"ft"
131,0.646097878787879,0.839853181853737,0,0,0,0.646097878787879,"ft"
132,0.646097878787879,0.839853181853737,0,0,0,0.646097878787879,"ft"
133,0.646097878787879,0.839853181853737,0,0,0,0.646097878787879,"ft"
134,0.646097878787879,0.839853181853737,0,0,0,0.646097878787879,"ft"
135,0.646097878787879,0.839853181853737,0,0,0,0.646097878787879,"ft"
136,0.646097878787879,0.839853181853737,0,0,0,0.646097878787879,"ft"
137,0.646097878787879,0.839853181853737,0,0,0,0.646097878787879,"ft"
138,0.646097878787879,0.839853181853737,0,0,0,0.646097878787879,"ft"
139,0.646097878787879,0.839853181853737,0,0,0,0.646097878787879,"ft"
140,0.646097878787879,0.839853181853737,0,0,0,0.646097878787879,"ft"
141,0.646097878787879,0.839853181853737,0,0,0,0.646097878787879,"ft"
142,0.646097878787879,0.839853181853737,0,0,0,0.646097878787879,"ft"
143,0.646097878787879,0.839853181853737,0,0,0,0.646097878787879,"ft"
144,0.646097878787879,0.839853181853737,0,0,0,0.646097878787879,"ft"
145,0.646097878787879,0.839853181853737,0,0,0,0.646097878787879,"ft"
146,0.646097878787879,0.839853181853737,0,0,0,0.646097878787879,"ft"
147,0.646097878787879,0.839853181853737,0,0,0,0.646097878787879,"ft"
148,0.646097878787879,0.839853181853737,0,0,0,0.646097878787879,"ft"
149,0.646097878787879,0.839853181853737,0,0,0,0.646097878787879,"ft"
150,0.646097878787879,0.839853181853737,0,0,0,0.646097878787879,"ft"
151,0.646097878787879,0.839853181853737,0,0,0,0.646097878787879,"ft"
152,0.646097878787879,0.839853181853737,0,0,0,0.646097878787879,"ft"
153,0.646097878787879,0.839853181853737,0,0,0,0.646097878787879,"ft"
154,0.646097878787879,0.839853181853737,0,0,0,0.646097878787879,"ft"
155,0.646097878787879,0.839853181853737,0,0,0,0.646097878787879,"ft"
156,0.646097878787879,0.839853181853737,0,0,0,0.646097878787879,"ft"
157,0.646097878787879,0.839853181853737,0,0,0,0.646097878787879,"ft"
158,0.646097878787879,0.839853181853737,0,0,0,0.646097878787879,"ft"
159,0.646097878787879,0.839853181853737,0,0,0,0.646097878787879,"ft"
160,0.646097878787879,0.839853181853737,0,0,0,0.646097878787879,"ft"
0,0,0,0,0,0,0,"ethanol"
1,0.204654537124715,0.960197644419851,0,0,0,1.16485218154457,"ethanol"
2,0.204654537124715,0.960197644419851,0,0,0,1.16485218154457,"ethanol"
3,0.204654537124715,0.960197644419851,0,0,0,1.16485218154457,"ethanol"
4,0.204654537124715,0.960197644419851,0,0,0,1.16485218154457,"ethanol"
5,0.204654537124715,0.960197644419851,0,0,0,1.16485218154457,"ethanol"
6,0.204654537124715,0.960197644419851,0,0,0,1.16485218154457,"ethanol"
7,0.204654537124715,0.960197644419851,0,0,0,1.16485218154457,"ethanol"
8,0.204654537124715,0.960197644419851,0,0,0,1.16485218154457,"ethanol"
9,0.204654537124715,0.960197644419851,0,0,0,1.16485218154457,"ethanol"
10,0.204654537124715,0.960197644419851,0,0,0,1.16485218154457,"ethanol"
11,0.204654537124715,0.960197644419851,0,0,0,1.16485218154457,"ethanol"
12,0.204654537124715,0.960197644419851,0,0,0,1.16485218154457,"ethanol"
13,0.204654537124715,0.960197644419851,0,0,0,1.16485218154457,"ethanol"
14,0.204654537124715,0.960197644419851,0,0,0,1.16485218154457,"ethanol"
15,0.204654537124715,0.960197644419851,0,0,0,1.16485218154457,"ethanol"
16,0.204654537124715,0.960197644419851,0,0,0,1.16485218154457,"ethanol"
17,0.204654537124715,0.960197644419851,0,0,0,1.16485218154457,"ethanol"
18,0.204654537124715,0.960197644419851,0,0,0,1.16485218154457,"ethanol"
19,0.204654537124715,0.960197644419851,0,0,0,1.16485218154457,"ethanol"
20,0.204654537124715,0.960197644419851,0,0,0,1.16485218154457,"ethanol"
21,0.204654537124715,0.960197644419851,0,0,0,1.16485218154457,"ethanol"
22,0.204654537124715,0.960197644419851,0,0,0,1.16485218154457,"ethanol"
23,0.204654537124715,0.960197644419851,0,0,0,1.16485218154457,"ethanol"
24,0.204654537124715,0.960197644419851,0,0,0,1.16485218154457,"ethanol"
25,0.204654537124715,0.960197644419851,0,0,0,1.16485218154457,"ethanol"
26,0.204654537124715,0.960197644419851,0,0,0,1.16485218154457,"ethanol"
27,0.204654537124715,0.960197644419851,0,0,0,1.16485218154457,"ethanol"
28,0.204654537124715,0.960197644419851,0,0,0,1.16485218154457,"ethanol"
29,0.204654537124715,0.960197644419851,0,0,0,1.16485218154457,"ethanol"
30,0.204654537124715,0.960197644419851,0,0,0,1.16485218154457,"ethanol"
31,0.204654537124715,0.960197644419851,0,0,0,1.16485218154457,"ethanol"
32,0.204654537124715,0.960197644419851,0,0,0,1.16485218154457,"ethanol"
33,0.204654537124715,0.960197644419851,0,0,0,1.16485218154457,"ethanol"
34,0.204654537124715,0.960197644419851,0,0,0,1.16485218154457,"ethanol"
35,0.204654537124715,0.960197644419851,0,0,0,1.16485218154457,"ethanol"
36,0.204654537124715,0.960197644419851,0,0,0,1.16485218154457,"ethanol"
37,0.204654537124715,0.960197644419851,0,0,0,1.16485218154457,"ethanol"
38,0.204654537124715,0.960197644419851,0,0,0,1.16485218154457,"ethanol"
39,0.204654537124715,0.960197644419851,0,0,0,1.16485218154457,"ethanol"
40,0.204654537124715,0.960197644419851,0,0,0,1.16485218154457,"ethanol"
41,0.204654537124715,0.960197644419851,0,0,0,1.16485218154457,"ethanol"
42,0.204654537124715,0.960197644419851,0,0,0,1.16485218154457,"ethanol"
43,0.204654537124715,0.960197644419851,0,0,0,1.16485218154457,"ethanol"
44,0.204654537124715,0.960197644419851,0,0,0,1.16485218154457,"ethanol"
45,0.204654537124715,0.960197644419851,0,0,0,1.16485218154457,"ethanol"
46,0.204654537124715,0.960197644419851,0,0,0,1.16485218154457,"ethanol"
47,0.204654537124715,0.960197644419851,0,0,0,1.16485218154457,"ethanol"
48,0.204654537124715,0.960197644419851,0,0,0,1.16485218154457,"ethanol"
49,0.204654537124715,0.960197644419851,0,0,0,1.16485218154457,"ethanol"
50,0.204654537124715,0.960197644419851,0,0,0,1.16485218154457,"ethanol"
51,0.204654537124715,0.960197644419851,0,0,0,1.16485218154457,"ethanol"
52,0.204654537124715,0.960197644419851,0,0,0,1.16485218154457,"ethanol"
53,0.204654537124715,0.960197644419851,0,0,0,1.16485218154457,"ethanol"
54,0.204654537124715,0.960197644419851,0,0,0,1.16485218154457,"ethanol"
55,0.204654537124715,0.960197644419851,0,0,0,1.16485218154457,"ethanol"
56,0.204654537124715,0.960197644419851,0,0,0,1.16485218154457,"ethanol"
57,0.204654537124715,0.960197644419851,0,0,0,1.16485218154457,"ethanol"
58,0.204654537124715,0.960197644419851,0,0,0,1.16485218154457,"ethanol"
59,0.204654537124715,0.960197644419851,0,0,0,1.16485218154457,"ethanol"
60,0.204654537124715,0.960197644419851,0,0,0,1.16485218154457,"ethanol"
61,0.204654537124715,0.960197644419851,0,0,0,1.16485218154457,"ethanol"
62,0.204654537124715,0.960197644419851,0,0,0,1.16485218154457,"ethanol"
63,0.204654537124715,0.960197644419851,0,0,0,1.16485218154457,"ethanol"
64,0.204654537124715,0.960197644419851,0,0,0,1.16485218154457,"ethanol"
65,0.204654537124715,0.960197644419851,0,0,0,1.16485218154457,"ethanol"
66,0.204654537124715,0.960197644419851,0,0,0,1.16485218154457,"ethanol"
67,0.204654537124715,0.960197644419851,0,0,0,1.16485218154457,"ethanol"
68,0.204654537124715,0.960197644419851,0,0,0,1.16485218154457,"ethanol"
69,0.204654537124715,0.960197644419851,0,0,0,1.16485218154457,"ethanol"
70,0.204654537124715,0.960197644419851,0,0,0,1.16485218154457,"ethanol"
71,0.204654537124715,0.960197644419851,0,0,0,1.16485218154457,"ethanol"
72,0.204654537124715,0.960197644419851,0,0,0,1.16485218154457,"ethanol"
73,0.204654537124715,0.960197644419851,0,0,0,1.16485218154457,"ethanol"
74,0.204654537124715,0.960197644419851,0,0,0,1.16485218154457,"ethanol"
75,0.204654537124715,0.960197644419851,0,0,0,1.16485218154457,"ethanol"
76,0.204654537124715,0.960197644419851,0,0,0,1.16485218154457,"ethanol"
77,0.204654537124715,0.960197644419851,0,0,0,1.16485218154457,"ethanol"
78,0.204654537124715,0.960197644419851,0,0,0,1.16485218154457,"ethanol"
79,0.204654537124715,0.960197644419851,0,0,0,1.16485218154457,"ethanol"
80,0.204654537124715,0.960197644419851,0,0,0,1.16485218154457,"ethanol"
81,0.204654537124715,0.960197644419851,0,0,0,1.16485218154457,"ethanol"
82,0.204654537124715,0.960197644419851,0,0,0,1.16485218154457,"ethanol"
83,0.204654537124715,0.960197644419851,0,0,0,1.16485218154457,"ethanol"
84,0.204654537124715,0.960197644419851,0,0,0,1.16485218154457,"ethanol"
85,0.204654537124715,0.960197644419851,0,0,0,1.16485218154457,"ethanol"
86,0.204654537124715,0.960197644419851,0,0,0,1.16485218154457,"ethanol"
87,0.204654537124715,0.960197644419851,0,0,0,1.16485218154457,"ethanol"
88,0.204654537124715,0.960197644419851,0,0,0,1.16485218154457,"ethanol"
89,0.204654537124715,0.960197644419851,0,0,0,1.16485218154457,"ethanol"
90,0.204654537124715,0.960197644419851,0,0,0,1.16485218154457,"ethanol"
91,0.204654537124715,0.960197644419851,0,0,0,1.16485218154457,"ethanol"
92,0.204654537124715,0.960197644419851,0,0,0,1.16485218154457,"ethanol"
93,0.204654537124715,0.960197644419851,0,0,0,1.16485218154457,"ethanol"
94,0.204654537124715,0.960197644419851,0,0,0,1.16485218154457,"ethanol"
95,0.204654537124715,0.960197644419851,0,0,0,1.16485218154457,"ethanol"
96,0.204654537124715,0.960197644419851,0,0,0,1.16485218154457,"ethanol"
97,0.204654537124715,0.960197644419851,0,0,0,1.16485218154457,"ethanol"
98,0.204654537124715,0.960197644419851,0,0,0,1.16485218154457,"ethanol"
99,0.204654537124715,0.960197644419851,0,0,0,1.16485218154457,"ethanol"
100,0.204654537124715,0.960197644419851,0,0,0,1.16485218154457,"ethanol"
101,0.204654537124715,0.960197644419851,0,0,0,1.16485218154457,"ethanol"
102,0.204654537124715,0.960197644419851,0,0,0,1.16485218154457,"ethanol"
103,0.204654537124715,0.960197644419851,0,0,0,1.16485218154457,"ethanol"
104,0.204654537124715,0.960197644419851,0,0,0,1.16485218154457,"ethanol"
105,0.204654537124715,0.960197644419851,0,0,0,1.16485218154457,"ethanol"
106,0.204654537124715,0.960197644419851,0,0,0,1.16485218154457,"ethanol"
107,0.204654537124715,0.960197644419851,0,0,0,1.16485218154457,"ethanol"
108,0.204654537124715,0.960197644419851,0,0,0,1.16485218154457,"ethanol"
109,0.204654537124715,0.960197644419851,0,0,0,1.16485218154457,"ethanol"
110,0.204654537124715,0.960197644419851,0,0,0,1.16485218154457,"ethanol"
111,0.204654537124715,0.960197644419851,0,0,0,1.16485218154457,"ethanol"
112,0.204654537124715,0.960197644419851,0,0,0,1.16485218154457,"ethanol"
113,0.204654537124715,0.960197644419851,0,0,0,1.16485218154457,"ethanol"
114,0.204654537124715,0.960197644419851,0,0,0,1.16485218154457,"ethanol"
115,0.204654537124715,0.960197644419851,0,0,0,1.16485218154457,"ethanol"
116,0.204654537124715,0.960197644419851,0,0,0,1.16485218154457,"ethanol"
117,0.204654537124715,0.960197644419851,0,0,0,1.16485218154457,"ethanol"
118,0.204654537124715,0.960197644419851,0,0,0,1.16485218154457,"ethanol"
119,0.204654537124715,0.960197644419851,0,0,0,1.16485218154457,"ethanol"
120,0.204654537124715,0.960197644419851,0,0,0,1.16485218154457,"ethanol"
121,0.204654537124715,0.960197644419851,0,0,0,1.16485218154457,"ethanol"
122,0.204654537124715,0.960197644419851,0,0,0,1.16485218154457,"ethanol"
123,0.204654537124715,0.960197644419851,0,0,0,1.16485218154457,"ethanol"
124,0.204654537124715,0.960197644419851,0,0,0,1.16485218154457,"ethanol"
125,0.204654537124715,0.960197644419851,0,0,0,1.16485218154457,"ethanol"
126,0.204654537124715,0.960197644419851,0,0,0,1.16485218154457,"ethanol"
127,0.204654537124715,0.960197644419851,0,0,0,1.16485218154457,"ethanol"
128,0.204654537124715,0.960197644419851,0,0,0,1.16485218154457,"ethanol"
129,0.204654537124715,0.960197644419851,0,0,0,1.16485218154457,"ethanol"
130,0.204654537124715,0.960197644419851,0,0,0,1.16485218154457,"ethanol"
131,0.204654537124715,0.960197644419851,0,0,0,1.16485218154457,"ethanol"
132,0.204654537124715,0.960197644419851,0,0,0,1.16485218154457,"ethanol"
133,0.204654537124715,0.960197644419851,0,0,0,1.16485218154457,"ethanol"
134,0.204654537124715,0.960197644419851,0,0,0,1.16485218154457,"ethanol"
135,0.204654537124715,0.960197644419851,0,0,0,1.16485218154457,"ethanol"
136,0.204654537124715,0.960197644419851,0,0,0,1.16485218154457,"ethanol"
137,0.204654537124715,0.960197644419851,0,0,0,1.16485218154457,"ethanol"
138,0.204654537124715,0.960197644419851,0,0,0,1.16485218154457,"ethanol"
139,0.204654537124715,0.960197644419851,0,0,0,1.16485218154457,"ethanol"
140,0.204654537124715,0.960197644419851,0,0,0,1.16485218154457,"ethanol"
141,0.204654537124715,0.960197644419851,0,0,0,1.16485218154457,"ethanol"
142,0.204654537124715,0.960197644419851,0,0,0,1.16485218154457,"ethanol"
143,0.204654537124715,0.960197644419851,0,0,0,1.16485218154457,"ethanol"
144,0.204654537124715,0.960197644419851,0,0,0,1.16485218154457,"ethanol"
145,0.204654537124715,0.960197644419851,0,0,0,1.16485218154457,"ethanol"
146,0.204654537124715,0.960197644419851,0,0,0,1.16485218154457,"ethanol"
147,0.204654537124715,0.960197644419851,0,0,0,1.16485218154457,"ethanol"
148,0.204654537124715,0.960197644419851,0,0,0,1.16485218154457,"ethanol"
149,0.204654537124715,0.960197644419851,0,0,0,1.16485218154457,"ethanol"
150,0.204654537124715,0.960197644419851,0,0,0,1.16485218154457,"ethanol"
151,0.204654537124715,0.960197644419851,0,0,0,1.16485218154457,"ethanol"
152,0.204654537124715,0.960197644419851,0,0,0,1.16485218154457,"ethanol"
153,0.204654537124715,0.960197644419851,0,0,0,1.16485218154457,"ethanol"
154,0.204654537124715,0.960197644419851,0,0,0,1.16485218154457,"ethanol"
155,0.204654537124715,0.960197644419851,0,0,0,1.16485218154457,"ethanol"
156,0.204654537124715,0.960197644419851,0,0,0,1.16485218154457,"ethanol"
157,0.204654537124715,0.960197644419851,0,0,0,1.16485218154457,"ethanol"
158,0.204654537124715,0.960197644419851,0,0,0,1.16485218154457,"ethanol"
159,0.204654537124715,0.960197644419851,0,0,0,1.16485218154457,"ethanol"
160,0.204654537124715,0.960197644419851,0,0,0,1.16485218154457,"ethanol"
0,0,0,0,0,0,0,"beccs"
1,0.167104572821318,0.23527,0,0,0,0.402374572821318,"beccs"
2,0.167104572821318,0.23527,0,0,0,0.402374572821318,"beccs"
3,0.167104572821318,0.23527,0,0,0,0.402374572821318,"beccs"
4,0.167104572821318,0.23527,0,0,0,0.402374572821318,"beccs"
5,0.167104572821318,0.23527,0,0,0,0.402374572821318,"beccs"
6,0.167104572821318,0.23527,0,0,0,0.402374572821318,"beccs"
7,0.167104572821318,0.23527,0,0,0,0.402374572821318,"beccs"
8,0.167104572821318,0.23527,0,0,0,0.402374572821318,"beccs"
9,0.167104572821318,0.23527,0,0,0,0.402374572821318,"beccs"
10,0.167104572821318,0.23527,0,0,0,0.402374572821318,"beccs"
11,0.167104572821318,0.23527,0,0,0,0.402374572821318,"beccs"
12,0.167104572821318,0.23527,0,0,0,0.402374572821318,"beccs"
13,0.167104572821318,0.23527,0,0,0,0.402374572821318,"beccs"
14,0.167104572821318,0.23527,0,0,0,0.402374572821318,"beccs"
15,0.167104572821318,0.23527,0,0,0,0.402374572821318,"beccs"
16,0.167104572821318,0.23527,0,0,0,0.402374572821318,"beccs"
17,0.167104572821318,0.23527,0,0,0,0.402374572821318,"beccs"
18,0.167104572821318,0.23527,0,0,0,0.402374572821318,"beccs"
19,0.167104572821318,0.23527,0,0,0,0.402374572821318,"beccs"
20,0.167104572821318,0.23527,0,0,0,0.402374572821318,"beccs"
21,0.167104572821318,0.23527,0,0,0,0.402374572821318,"beccs"
22,0.167104572821318,0.23527,0,0,0,0.402374572821318,"beccs"
23,0.167104572821318,0.23527,0,0,0,0.402374572821318,"beccs"
24,0.167104572821318,0.23527,0,0,0,0.402374572821318,"beccs"
25,0.167104572821318,0.23527,0,0,0,0.402374572821318,"beccs"
26,0.167104572821318,0.23527,0,0,0,0.402374572821318,"beccs"
27,0.167104572821318,0.23527,0,0,0,0.402374572821318,"beccs"
28,0.167104572821318,0.23527,0,0,0,0.402374572821318,"beccs"
29,0.167104572821318,0.23527,0,0,0,0.402374572821318,"beccs"
30,0.167104572821318,0.23527,0,0,0,0.402374572821318,"beccs"
31,0.167104572821318,0.23527,0,0,0,0.402374572821318,"beccs"
32,0.167104572821318,0.23527,0,0,0,0.402374572821318,"beccs"
33,0.167104572821318,0.23527,0,0,0,0.402374572821318,"beccs"
34,0.167104572821318,0.23527,0,0,0,0.402374572821318,"beccs"
35,0.167104572821318,0.23527,0,0,0,0.402374572821318,"beccs"
36,0.167104572821318,0.23527,0,0,0,0.402374572821318,"beccs"
37,0.167104572821318,0.23527,0,0,0,0.402374572821318,"beccs"
38,0.167104572821318,0.23527,0,0,0,0.402374572821318,"beccs"
39,0.167104572821318,0.23527,0,0,0,0.402374572821318,"beccs"
40,0.167104572821318,0.23527,0,0,0,0.402374572821318,"beccs"
41,0.167104572821318,0.23527,0,0,0,0.402374572821318,"beccs"
42,0.167104572821318,0.23527,0,0,0,0.402374572821318,"beccs"
43,0.167104572821318,0.23527,0,0,0,0.402374572821318,"beccs"
44,0.167104572821318,0.23527,0,0,0,0.402374572821318,"beccs"
45,0.167104572821318,0.23527,0,0,0,0.402374572821318,"beccs"
46,0.167104572821318,0.23527,0,0,0,0.402374572821318,"beccs"
47,0.167104572821318,0.23527,0,0,0,0.402374572821318,"beccs"
48,0.167104572821318,0.23527,0,0,0,0.402374572821318,"beccs"
49,0.167104572821318,0.23527,0,0,0,0.402374572821318,"beccs"
50,0.167104572821318,0.23527,0,0,0,0.402374572821318,"beccs"
51,0.167104572821318,0.23527,0,0,0,0.402374572821318,"beccs"
52,0.167104572821318,0.23527,0,0,0,0.402374572821318,"beccs"
53,0.167104572821318,0.23527,0,0,0,0.402374572821318,"beccs"
54,0.167104572821318,0.23527,0,0,0,0.402374572821318,"beccs"
55,0.167104572821318,0.23527,0,0,0,0.402374572821318,"beccs"
56,0.167104572821318,0.23527,0,0,0,0.402374572821318,"beccs"
57,0.167104572821318,0.23527,0,0,0,0.402374572821318,"beccs"
58,0.167104572821318,0.23527,0,0,0,0.402374572821318,"beccs"
59,0.167104572821318,0.23527,0,0,0,0.402374572821318,"beccs"
60,0.167104572821318,0.23527,0,0,0,0.402374572821318,"beccs"
61,0.167104572821318,0.23527,0,0,0,0.402374572821318,"beccs"
62,0.167104572821318,0.23527,0,0,0,0.402374572821318,"beccs"
63,0.167104572821318,0.23527,0,0,0,0.402374572821318,"beccs"
64,0.167104572821318,0.23527,0,0,0,0.402374572821318,"beccs"
65,0.167104572821318,0.23527,0,0,0,0.402374572821318,"beccs"
66,0.167104572821318,0.23527,0,0,0,0.402374572821318,"beccs"
67,0.167104572821318,0.23527,0,0,0,0.402374572821318,"beccs"
68,0.167104572821318,0.23527,0,0,0,0.402374572821318,"beccs"
69,0.167104572821318,0.23527,0,0,0,0.402374572821318,"beccs"
70,0.167104572821318,0.23527,0,0,0,0.402374572821318,"beccs"
71,0.167104572821318,0.23527,0,0,0,0.402374572821318,"beccs"
72,0.167104572821318,0.23527,0,0,0,0.402374572821318,"beccs"
73,0.167104572821318,0.23527,0,0,0,0.402374572821318,"beccs"
74,0.167104572821318,0.23527,0,0,0,0.402374572821318,"beccs"
75,0.167104572821318,0.23527,0,0,0,0.402374572821318,"beccs"
76,0.167104572821318,0.23527,0,0,0,0.402374572821318,"beccs"
77,0.167104572821318,0.23527,0,0,0,0.402374572821318,"beccs"
78,0.167104572821318,0.23527,0,0,0,0.402374572821318,"beccs"
79,0.167104572821318,0.23527,0,0,0,0.402374572821318,"beccs"
80,0.167104572821318,0.23527,0,0,0,0.402374572821318,"beccs"
81,0.167104572821318,0.23527,0,0,0,0.402374572821318,"beccs"
82,0.167104572821318,0.23527,0,0,0,0.402374572821318,"beccs"
83,0.167104572821318,0.23527,0,0,0,0.402374572821318,"beccs"
84,0.167104572821318,0.23527,0,0,0,0.402374572821318,"beccs"
85,0.167104572821318,0.23527,0,0,0,0.402374572821318,"beccs"
86,0.167104572821318,0.23527,0,0,0,0.402374572821318,"beccs"
87,0.167104572821318,0.23527,0,0,0,0.402374572821318,"beccs"
88,0.167104572821318,0.23527,0,0,0,0.402374572821318,"beccs"
89,0.167104572821318,0.23527,0,0,0,0.402374572821318,"beccs"
90,0.167104572821318,0.23527,0,0,0,0.402374572821318,"beccs"
91,0.167104572821318,0.23527,0,0,0,0.402374572821318,"beccs"
92,0.167104572821318,0.23527,0,0,0,0.402374572821318,"beccs"
93,0.167104572821318,0.23527,0,0,0,0.402374572821318,"beccs"
94,0.167104572821318,0.23527,0,0,0,0.402374572821318,"beccs"
95,0.167104572821318,0.23527,0,0,0,0.402374572821318,"beccs"
96,0.167104572821318,0.23527,0,0,0,0.402374572821318,"beccs"
97,0.167104572821318,0.23527,0,0,0,0.402374572821318,"beccs"
98,0.167104572821318,0.23527,0,0,0,0.402374572821318,"beccs"
99,0.167104572821318,0.23527,0,0,0,0.402374572821318,"beccs"
100,0.167104572821318,0.23527,0,0,0,0.402374572821318,"beccs"
101,0.167104572821318,0.23527,0,0,0,0.402374572821318,"beccs"
102,0.167104572821318,0.23527,0,0,0,0.402374572821318,"beccs"
103,0.167104572821318,0.23527,0,0,0,0.402374572821318,"beccs"
104,0.167104572821318,0.23527,0,0,0,0.402374572821318,"beccs"
105,0.167104572821318,0.23527,0,0,0,0.402374572821318,"beccs"
106,0.167104572821318,0.23527,0,0,0,0.402374572821318,"beccs"
107,0.167104572821318,0.23527,0,0,0,0.402374572821318,"beccs"
108,0.167104572821318,0.23527,0,0,0,0.402374572821318,"beccs"
109,0.167104572821318,0.23527,0,0,0,0.402374572821318,"beccs"
110,0.167104572821318,0.23527,0,0,0,0.402374572821318,"beccs"
111,0.167104572821318,0.23527,0,0,0,0.402374572821318,"beccs"
112,0.167104572821318,0.23527,0,0,0,0.402374572821318,"beccs"
113,0.167104572821318,0.23527,0,0,0,0.402374572821318,"beccs"
114,0.167104572821318,0.23527,0,0,0,0.402374572821318,"beccs"
115,0.167104572821318,0.23527,0,0,0,0.402374572821318,"beccs"
116,0.167104572821318,0.23527,0,0,0,0.402374572821318,"beccs"
117,0.167104572821318,0.23527,0,0,0,0.402374572821318,"beccs"
118,0.167104572821318,0.23527,0,0,0,0.402374572821318,"beccs"
119,0.167104572821318,0.23527,0,0,0,0.402374572821318,"beccs"
120,0.167104572821318,0.23527,0,0,0,0.402374572821318,"beccs"
121,0.167104572821318,0.23527,0,0,0,0.402374572821318,"beccs"
122,0.167104572821318,0.23527,0,0,0,0.402374572821318,"beccs"
123,0.167104572821318,0.23527,0,0,0,0.402374572821318,"beccs"
124,0.167104572821318,0.23527,0,0,0,0.402374572821318,"beccs"
125,0.167104572821318,0.23527,0,0,0,0.402374572821318,"beccs"
126,0.167104572821318,0.23527,0,0,0,0.402374572821318,"beccs"
127,0.167104572821318,0.23527,0,0,0,0.402374572821318,"beccs"
128,0.167104572821318,0.23527,0,0,0,0.402374572821318,"beccs"
129,0.167104572821318,0.23527,0,0,0,0.402374572821318,"beccs"
130,0.167104572821318,0.23527,0,0,0,0.402374572821318,"beccs"
131,0.167104572821318,0.23527,0,0,0,0.402374572821318,"beccs"
132,0.167104572821318,0.23527,0,0,0,0.402374572821318,"beccs"
133,0.167104572821318,0.23527,0,0,0,0.402374572821318,"beccs"
134,0.167104572821318,0.23527,0,0,0,0.402374572821318,"beccs"
135,0.167104572821318,0.23527,0,0,0,0.402374572821318,"beccs"
136,0.167104572821318,0.23527,0,0,0,0.402374572821318,"beccs"
137,0.167104572821318,0.23527,0,0,0,0.402374572821318,"beccs"
138,0.167104572821318,0.23527,0,0,0,0.402374572821318,"beccs"
139,0.167104572821318,0.23527,0,0,0,0.402374572821318,"beccs"
140,0.167104572821318,0.23527,0,0,0,0.402374572821318,"beccs"
141,0.167104572821318,0.23527,0,0,0,0.402374572821318,"beccs"
142,0.167104572821318,0.23527,0,0,0,0.402374572821318,"beccs"
143,0.167104572821318,0.23527,0,0,0,0.402374572821318,"beccs"
144,0.167104572821318,0.23527,0,0,0,0.402374572821318,"beccs"
145,0.167104572821318,0.23527,0,0,0,0.402374572821318,"beccs"
146,0.167104572821318,0.23527,0,0,0,0.402374572821318,"beccs"
147,0.167104572821318,0.23527,0,0,0,0.402374572821318,"beccs"
148,0.167104572821318,0.23527,0,0,0,0.402374572821318,"beccs"
149,0.167104572821318,0.23527,0,0,0,0.402374572821318,"beccs"
150,0.167104572821318,0.23527,0,0,0,0.402374572821318,"beccs"
151,0.167104572821318,0.23527,0,0,0,0.402374572821318,"beccs"
152,0.167104572821318,0.23527,0,0,0,0.402374572821318,"beccs"
153,0.167104572821318,0.23527,0,0,0,0.402374572821318,"beccs"
154,0.167104572821318,0.23527,0,0,0,0.402374572821318,"beccs"
155,0.167104572821318,0.23527,0,0,0,0.402374572821318,"beccs"
156,0.167104572821318,0.23527,0,0,0,0.402374572821318,"beccs"
157,0.167104572821318,0.23527,0,0,0,0.402374572821318,"beccs"
158,0.167104572821318,0.23527,0,0,0,0.402374572821318,"beccs"
159,0.167104572821318,0.23527,0,0,0,0.402374572821318,"beccs"
160,0.167104572821318,0.23527,0,0,0,0.402374572821318,"beccs"
0,0,0,1,0,0,1,"decay"
1,0,0,0.965936328924846,0,0,0.965936328924846,"decay"
2,0,0,0.933032991536807,0,0,0.933032991536807,"decay"
3,0,0,0.90125046261083,0,0,0.90125046261083,"decay"
4,0,0,0.870550563296124,0,0,0.870550563296124,"decay"
5,0,0,0.840896415253715,0,0,0.840896415253715,"decay"
6,0,0,0.812252396356235,0,0,0.812252396356235,"decay"
7,0,0,0.784584097896751,0,0,0.784584097896751,"decay"
8,0,0,0.757858283255199,0,0,0.757858283255199,"decay"
9,0,0,0.732042847972813,0,0,0.732042847972813,"decay"
10,0,0,0.707106781186548,0,0,0.707106781186548,"decay"
11,0,0,0.683020128377198,0,0,0.683020128377198,"decay"
12,0,0,0.659753955386447,0,0,0.659753955386447,"decay"
13,0,0,0.637280313659631,0,0,0.637280313659631,"decay"
14,0,0,0.615572206672458,0,0,0.615572206672458,"decay"
15,0,0,0.594603557501361,0,0,0.594603557501361,"decay"
16,0,0,0.574349177498517,0,0,0.574349177498517,"decay"
17,0,0,0.554784736033923,0,0,0.554784736033923,"decay"
18,0,0,0.535886731268147,0,0,0.535886731268147,"decay"
19,0,0,0.517632461920689,0,0,0.517632461920689,"decay"
20,0,0,0.5,0,0,0.5,"decay"
21,0,0,0.482968164462423,0,0,0.482968164462423,"decay"
22,0,0,0.466516495768404,0,0,0.466516495768404,"decay"
23,0,0,0.450625231305415,0,0,0.450625231305415,"decay"
24,0,0,0.435275281648062,0,0,0.435275281648062,"decay"
25,0,0,0.420448207626857,0,0,0.420448207626857,"decay"
26,0,0,0.406126198178118,0,0,0.406126198178118,"decay"
27,0,0,0.392292048948375,0,0,0.392292048948375,"decay"
28,0,0,0.3789291416276,0,0,0.3789291416276,"decay"
29,0,0,0.366021423986406,0,0,0.366021423986406,"decay"
30,0,0,0.353553390593274,0,0,0.353553390593274,"decay"
31,0,0,0.341510064188599,0,0,0.341510064188599,"decay"
32,0,0,0.329876977693224,0,0,0.329876977693224,"decay"
33,0,0,0.318640156829816,0,0,0.318640156829816,"decay"
34,0,0,0.307786103336229,0,0,0.307786103336229,"decay"
35,0,0,0.29730177875068,0,0,0.29730177875068,"decay"
36,0,0,0.287174588749259,0,0,0.287174588749259,"decay"
37,0,0,0.277392368016961,0,0,0.277392368016961,"decay"
38,0,0,0.267943365634073,0,0,0.267943365634073,"decay"
39,0,0,0.258816230960344,0,0,0.258816230960344,"decay"
40,0,0,0.25,0,0,0.25,"decay"
41,0,0,0.241484082231211,0,0,0.241484082231211,"decay"
42,0,0,0.233258247884202,0,0,0.233258247884202,"decay"
43,0,0,0.225312615652708,0,0,0.225312615652708,"decay"
44,0,0,0.217637640824031,0,0,0.217637640824031,"decay"
45,0,0,0.210224103813429,0,0,0.210224103813429,"decay"
46,0,0,0.203063099089059,0,0,0.203063099089059,"decay"
47,0,0,0.196146024474188,0,0,0.196146024474188,"decay"
48,0,0,0.1894645708138,0,0,0.1894645708138,"decay"
49,0,0,0.183010711993203,0,0,0.183010711993203,"decay"
50,0,0,0.176776695296637,0,0,0.176776695296637,"decay"
51,0,0,0.170755032094299,0,0,0.170755032094299,"decay"
52,0,0,0.164938488846612,0,0,0.164938488846612,"decay"
53,0,0,0.159320078414908,0,0,0.159320078414908,"decay"
54,0,0,0.153893051668115,0,0,0.153893051668115,"decay"
55,0,0,0.14865088937534,0,0,0.14865088937534,"decay"
56,0,0,0.143587294374629,0,0,0.143587294374629,"decay"
57,0,0,0.138696184008481,0,0,0.138696184008481,"decay"
58,0,0,0.133971682817037,0,0,0.133971682817037,"decay"
59,0,0,0.129408115480172,0,0,0.129408115480172,"decay"
60,0,0,0.125,0,0,0.125,"decay"
61,0,0,0.120742041115606,0,0,0.120742041115606,"decay"
62,0,0,0.116629123942101,0,0,0.116629123942101,"decay"
63,0,0,0.112656307826354,0,0,0.112656307826354,"decay"
64,0,0,0.108818820412016,0,0,0.108818820412016,"decay"
65,0,0,0.105112051906714,0,0,0.105112051906714,"decay"
66,0,0,0.101531549544529,0,0,0.101531549544529,"decay"
67,0,0,0.0980730122370938,0,0,0.0980730122370938,"decay"
68,0,0,0.0947322854068999,0,0,0.0947322854068999,"decay"
69,0,0,0.0915053559966016,0,0,0.0915053559966016,"decay"
70,0,0,0.0883883476483184,0,0,0.0883883476483184,"decay"
71,0,0,0.0853775160471497,0,0,0.0853775160471497,"decay"
72,0,0,0.0824692444233059,0,0,0.0824692444233059,"decay"
73,0,0,0.0796600392074539,0,0,0.0796600392074539,"decay"
74,0,0,0.0769465258340573,0,0,0.0769465258340573,"decay"
75,0,0,0.0743254446876701,0,0,0.0743254446876701,"decay"
76,0,0,0.0717936471873147,0,0,0.0717936471873147,"decay"
77,0,0,0.0693480920042403,0,0,0.0693480920042403,"decay"
78,0,0,0.0669858414085183,0,0,0.0669858414085183,"decay"
79,0,0,0.0647040577400861,0,0,0.0647040577400861,"decay"
80,0,0,0.0625,0,0,0.0625,"decay"
81,0,0,0.0603710205578029,0,0,0.0603710205578029,"decay"
82,0,0,0.0583145619710505,0,0,0.0583145619710505,"decay"
83,0,0,0.0563281539131769,0,0,0.0563281539131769,"decay"
84,0,0,0.0544094102060078,0,0,0.0544094102060078,"decay"
85,0,0,0.0525560259533572,0,0,0.0525560259533572,"decay"
86,0,0,0.0507657747722647,0,0,0.0507657747722647,"decay"
87,0,0,0.0490365061185469,0,0,0.0490365061185469,"decay"
88,0,0,0.0473661427034499,0,0,0.0473661427034499,"decay"
89,0,0,0.0457526779983008,0,0,0.0457526779983008,"decay"
90,0,0,0.0441941738241592,0,0,0.0441941738241592,"decay"
91,0,0,0.0426887580235749,0,0,0.0426887580235749,"decay"
92,0,0,0.041234622211653,0,0,0.041234622211653,"decay"
93,0,0,0.0398300196037269,0,0,0.0398300196037269,"decay"
94,0,0,0.0384732629170286,0,0,0.0384732629170286,"decay"
95,0,0,0.037162722343835,0,0,0.037162722343835,"decay"
96,0,0,0.0358968235936573,0,0,0.0358968235936573,"decay"
97,0,0,0.0346740460021202,0,0,0.0346740460021202,"decay"
98,0,0,0.0334929207042592,0,0,0.0334929207042592,"decay"
99,0,0,0.032352028870043,0,0,0.032352028870043,"decay"
100,0,0,0.03125,0,0,0.03125,"decay"
101,0,0,0.0301855102789014,0,0,0.0301855102789014,"decay"
102,0,0,0.0291572809855252,0,0,0.0291572809855252,"decay"
103,0,0,0.0281640769565884,0,0,0.0281640769565884,"decay"
104,0,0,0.0272047051030039,0,0,0.0272047051030039,"decay"
105,0,0,0.0262780129766786,0,0,0.0262780129766786,"decay"
106,0,0,0.0253828873861324,0,0,0.0253828873861324,"decay"
107,0,0,0.0245182530592735,0,0,0.0245182530592735,"decay"
108,0,0,0.023683071351725,0,0,0.023683071351725,"decay"
109,0,0,0.0228763389991504,0,0,0.0228763389991504,"decay"
110,0,0,0.0220970869120796,0,0,0.0220970869120796,"decay"
111,0,0,0.0213443790117874,0,0,0.0213443790117874,"decay"
112,0,0,0.0206173111058265,0,0,0.0206173111058265,"decay"
113,0,0,0.0199150098018635,0,0,0.0199150098018635,"decay"
114,0,0,0.0192366314585143,0,0,0.0192366314585143,"decay"
115,0,0,0.0185813611719175,0,0,0.0185813611719175,"decay"
116,0,0,0.0179484117968287,0,0,0.0179484117968287,"decay"
117,0,0,0.0173370230010601,0,0,0.0173370230010601,"decay"
118,0,0,0.0167464603521296,0,0,0.0167464603521296,"decay"
119,0,0,0.0161760144350215,0,0,0.0161760144350215,"decay"
120,0,0,0.015625,0,0,0.015625,"decay"
121,0,0,0.0150927551394507,0,0,0.0150927551394507,"decay"
122,0,0,0.0145786404927626,0,0,0.0145786404927626,"decay"
123,0,0,0.0140820384782942,0,0,0.0140820384782942,"decay"
124,0,0,0.0136023525515019,0,0,0.0136023525515019,"decay"
125,0,0,0.0131390064883393,0,0,0.0131390064883393,"decay"
126,0,0,0.0126914436930662,0,0,0.0126914436930662,"decay"
127,0,0,0.0122591265296367,0,0,0.0122591265296367,"decay"
128,0,0,0.0118415356758625,0,0,0.0118415356758625,"decay"
129,0,0,0.0114381694995752,0,0,0.0114381694995752,"decay"
130,0,0,0.0110485434560398,0,0,0.0110485434560398,"decay"
131,0,0,0.0106721895058937,0,0,0.0106721895058937,"decay"
132,0,0,0.0103086555529132,0,0,0.0103086555529132,"decay"
133,0,0,0.00995750490093173,0,0,0.00995750490093173,"decay"
134,0,0,0.00961831572925716,0,0,0.00961831572925716,"decay"
135,0,0,0.00929068058595876,0,0,0.00929068058595876,"decay"
136,0,0,0.00897420589841434,0,0,0.00897420589841434,"decay"
137,0,0,0.00866851150053004,0,0,0.00866851150053004,"decay"
138,0,0,0.00837323017606479,0,0,0.00837323017606479,"decay"
139,0,0,0.00808800721751076,0,0,0.00808800721751076,"decay"
140,0,0,0.0078125,0,0,0.0078125,"decay"
141,0,0,0.00754637756972536,0,0,0.00754637756972536,"decay"
142,0,0,0.00728932024638131,0,0,0.00728932024638131,"decay"
143,0,0,0.00704101923914711,0,0,0.00704101923914711,"decay"
144,0,0,0.00680117627575097,0,0,0.00680117627575097,"decay"
145,0,0,0.00656950324416964,0,0,0.00656950324416964,"decay"
146,0,0,0.00634572184653309,0,0,0.00634572184653309,"decay"
147,0,0,0.00612956326481837,0,0,0.00612956326481837,"decay"
148,0,0,0.00592076783793124,0,0,0.00592076783793124,"decay"
149,0,0,0.0057190847497876,0,0,0.0057190847497876,"decay"
150,0,0,0.0055242717280199,0,0,0.0055242717280199,"decay"
151,0,0,0.00533609475294686,0,0,0.00533609475294686,"decay"
152,0,0,0.00515432777645662,0,0,0.00515432777645662,"decay"
153,0,0,0.00497875245046587,0,0,0.00497875245046587,"decay"
154,0,0,0.00480915786462858,0,0,0.00480915786462858,"decay"
155,0,0,0.00464534029297938,0,0,0.00464534029297938,"decay"
156,0,0,0.00448710294920717,0,0,0.00448710294920717,"decay"
157,0,0,0.00433425575026502,0,0,0.00433425575026502,"decay"
158,0,0,0.00418661508803239,0,0,0.00418661508803239,"decay"
159,0,0,0.00404400360875538,0,0,0.00404400360875538,"decay"
160,0,0,0.00390625,0,0,0.00390625,"decay"
